19-04-30 00:00:13	nan	80.0	65.0	ON	77.8	63.6	nan	85.0	35.0	ON	100.6	56.7	672	PERFECT	679	656	11.62	1000	13.77	7.71	OFF	OFF	90.0	77.0	OFF	70.0
19-04-30 00:00:32	nan	80.0	65.0	ON	77.8	63.6	nan	85.0	35.0	ON	100.6	56.7	673	PERFECT	679	656	11.62	1000	13.77	7.71	OFF	OFF	90.0	77.0	OFF	70.0
19-04-30 00:00:51	nan	80.0	65.0	ON	77.8	63.6	nan	85.0	35.0	ON	100.6	56.7	672	PERFECT	679	656	11.62	1000	13.77	7.71	OFF	OFF	90.0	77.0	OFF	70.0
19-04-30 00:15:09	nan	80.0	65.0	ON	77.8	63.6	nan	85.0	35.0	ON	100.6	56.7	672	PERFECT	679	656	11.23	1000	13.77	7.71	OFF	OFF	90.0	77.0	OFF	70.0
19-04-30 00:15:28	nan	80.0	65.0	ON	77.8	63.6	nan	85.0	35.0	ON	100.6	56.7	671	PERFECT	679	656	11.23	1000	13.77	7.71	OFF	OFF	90.0	77.0	OFF	70.0
19-04-30 00:15:47	nan	80.0	65.0	ON	77.8	63.6	nan	85.0	35.0	ON	100.6	56.7	672	PERFECT	679	656	11.23	1000	13.77	7.71	OFF	OFF	90.0	77.0	OFF	70.0
19-04-30 00:30:06	nan	80.0	65.0	ON	77.8	63.6	nan	85.0	35.0	ON	100.6	56.7	669	PERFECT	679	656	11.04	1000	13.77	7.71	OFF	OFF	90.0	77.0	OFF	70.0
19-04-30 00:30:25	nan	80.0	65.0	ON	77.8	63.6	nan	85.0	35.0	ON	100.6	56.7	672	PERFECT	679	656	11.04	1000	13.77	7.71	OFF	OFF	90.0	77.0	OFF	70.0
19-04-30 00:30:44	nan	80.0	65.0	ON	77.8	63.6	nan	85.0	35.0	ON	100.6	56.7	669	PERFECT	679	656	10.94	1000	13.77	7.71	OFF	OFF	90.0	77.0	OFF	70.0
19-04-30 00:45:02	nan	80.0	65.0	ON	77.8	63.6	nan	85.0	35.0	ON	100.6	56.7	668	PERFECT	679	656	10.84	1000	13.77	7.71	OFF	OFF	90.0	77.0	OFF	70.0
19-04-30 00:45:21	nan	80.0	65.0	ON	77.8	63.6	nan	85.0	35.0	ON	100.6	56.7	667	PERFECT	679	656	10.74	1000	13.77	7.71	OFF	OFF	90.0	77.0	OFF	70.0
19-04-30 00:45:40	nan	80.0	65.0	ON	77.8	63.6	nan	85.0	35.0	ON	100.6	56.7	668	PERFECT	679	656	10.84	1000	13.77	7.71	OFF	OFF	90.0	77.0	OFF	70.0
19-04-30 00:45:59	nan	80.0	65.0	ON	77.8	63.6	nan	85.0	35.0	ON	100.6	56.7	668	PERFECT	679	656	10.74	1000	13.77	7.71	OFF	OFF	90.0	77.0	OFF	70.0
19-04-30 01:00:17	nan	80.0	65.0	ON	77.8	63.6	nan	85.0	35.0	ON	100.6	56.7	667	PERFECT	679	656	10.45	1000	13.77	7.71	OFF	OFF	90.0	77.0	OFF	70.0
19-04-30 01:00:36	nan	80.0	65.0	ON	77.8	63.6	nan	85.0	35.0	ON	100.6	56.7	668	PERFECT	679	656	10.55	1000	13.77	7.71	OFF	OFF	90.0	77.0	OFF	70.0
19-04-30 01:00:56	nan	80.0	65.0	ON	77.8	63.6	nan	85.0	35.0	ON	100.6	56.7	667	PERFECT	679	656	10.45	1000	13.77	7.71	OFF	OFF	90.0	77.0	OFF	70.0
19-04-30 01:15:14	nan	80.0	65.0	ON	77.8	63.6	nan	85.0	35.0	ON	100.6	56.7	665	PERFECT	679	656	10.25	1000	13.77	7.71	OFF	OFF	90.0	77.0	OFF	70.0
19-04-30 01:15:33	nan	80.0	65.0	ON	77.8	63.6	nan	85.0	35.0	ON	100.6	56.7	666	PERFECT	679	656	10.16	1000	13.77	7.71	OFF	OFF	90.0	77.0	OFF	70.0
19-04-30 01:15:52	nan	80.0	65.0	ON	77.8	63.6	nan	85.0	35.0	ON	100.6	56.7	666	PERFECT	679	656	10.16	1000	13.77	7.71	OFF	OFF	90.0	77.0	OFF	70.0
19-04-30 01:30:10	nan	80.0	65.0	ON	77.8	63.6	nan	85.0	35.0	ON	100.6	56.7	665	PERFECT	679	656	10.06	1000	13.77	7.71	OFF	OFF	90.0	77.0	OFF	70.0
19-04-30 01:30:30	nan	80.0	65.0	ON	77.8	63.6	nan	85.0	35.0	ON	100.6	56.7	664	PERFECT	679	656	10.06	1000	13.77	7.71	OFF	OFF	90.0	77.0	OFF	70.0
19-04-30 01:30:49	nan	80.0	65.0	ON	77.8	63.6	nan	85.0	35.0	ON	100.6	56.7	665	PERFECT	679	656	9.96	1000	13.77	7.71	OFF	OFF	90.0	77.0	OFF	70.0
19-04-30 01:45:07	nan	80.0	65.0	ON	77.8	63.6	nan	85.0	35.0	ON	100.6	56.7	664	PERFECT	679	656	9.77	1000	13.77	7.71	OFF	OFF	90.0	77.0	OFF	70.0
19-04-30 01:45:26	nan	80.0	65.0	ON	77.8	63.6	nan	85.0	35.0	ON	100.6	56.7	663	PERFECT	679	656	9.86	1000	13.77	7.71	OFF	OFF	90.0	77.0	OFF	70.0
19-04-30 01:45:45	nan	80.0	65.0	ON	77.8	63.6	nan	85.0	35.0	ON	100.6	56.7	663	PERFECT	679	656	9.86	1000	13.77	7.71	OFF	OFF	90.0	77.0	OFF	70.0
19-04-30 02:00:04	nan	80.0	65.0	ON	77.8	63.6	nan	85.0	35.0	ON	100.6	56.7	661	PERFECT	679	656	9.67	1000	13.77	7.71	OFF	OFF	90.0	77.0	OFF	70.0
19-04-30 02:00:23	nan	80.0	65.0	ON	77.8	63.6	nan	85.0	35.0	ON	100.6	56.7	662	PERFECT	679	656	9.67	1000	13.77	7.71	OFF	OFF	90.0	77.0	OFF	70.0
19-04-30 02:00:42	nan	80.0	65.0	ON	77.8	63.6	nan	85.0	35.0	ON	100.6	56.7	664	PERFECT	679	656	9.67	1000	13.77	7.71	OFF	OFF	90.0	77.0	OFF	70.0
19-04-30 02:15:00	nan	80.0	65.0	ON	77.8	63.6	nan	85.0	35.0	ON	100.6	56.7	662	PERFECT	679	656	9.47	1000	13.77	7.71	OFF	OFF	90.0	77.0	OFF	70.0
19-04-30 02:15:19	nan	80.0	65.0	ON	77.8	63.6	nan	85.0	35.0	ON	100.6	56.7	661	PERFECT	679	656	9.57	1000	13.77	7.71	OFF	OFF	90.0	77.0	OFF	70.0
19-04-30 02:15:38	nan	80.0	65.0	ON	77.8	63.6	nan	85.0	35.0	ON	100.6	56.7	660	PERFECT	679	656	9.57	1000	13.77	7.71	OFF	OFF	90.0	77.0	OFF	70.0
19-04-30 02:15:57	nan	80.0	65.0	ON	77.8	63.6	nan	85.0	35.0	ON	100.6	56.7	662	PERFECT	679	656	9.47	1000	13.77	7.71	OFF	OFF	90.0	77.0	OFF	70.0
19-04-30 02:30:16	nan	80.0	65.0	ON	77.8	63.6	nan	85.0	35.0	ON	100.6	56.7	660	PERFECT	679	656	9.47	1000	13.77	7.71	OFF	OFF	90.0	77.0	OFF	70.0
19-04-30 02:30:35	nan	80.0	65.0	ON	77.8	63.6	nan	85.0	35.0	ON	100.6	56.7	660	PERFECT	679	656	9.67	1000	13.77	7.71	OFF	OFF	90.0	77.0	OFF	70.0
19-04-30 02:30:54	nan	80.0	65.0	ON	77.8	63.6	nan	85.0	35.0	ON	100.6	56.7	660	PERFECT	679	656	9.38	1000	13.77	7.71	OFF	OFF	90.0	77.0	OFF	70.0
19-04-30 02:45:12	nan	80.0	65.0	ON	77.8	63.6	nan	85.0	35.0	ON	100.6	56.7	660	PERFECT	679	656	9.28	1000	13.77	7.71	OFF	OFF	90.0	77.0	OFF	70.0
19-04-30 02:45:31	nan	80.0	65.0	ON	77.8	63.6	nan	85.0	35.0	ON	100.6	56.7	660	PERFECT	679	656	9.28	1000	13.77	7.71	OFF	OFF	90.0	77.0	OFF	70.0
19-04-30 02:45:50	nan	80.0	65.0	ON	77.8	63.6	nan	85.0	35.0	ON	100.6	56.7	662	PERFECT	679	656	9.38	1000	13.77	7.71	OFF	OFF	90.0	77.0	OFF	70.0
19-04-30 03:00:08	nan	80.0	65.0	ON	77.8	63.6	nan	85.0	35.0	ON	100.6	56.7	658	PERFECT	679	656	9.08	1000	13.77	7.71	OFF	OFF	90.0	77.0	OFF	70.0
19-04-30 03:00:27	nan	80.0	65.0	ON	77.8	63.6	nan	85.0	35.0	ON	100.6	56.7	658	PERFECT	679	656	9.08	1000	13.77	7.71	OFF	OFF	90.0	77.0	OFF	70.0
19-04-30 03:00:46	nan	80.0	65.0	ON	77.8	63.6	nan	85.0	35.0	ON	100.6	56.7	659	PERFECT	679	656	9.18	1000	13.77	7.71	OFF	OFF	90.0	77.0	OFF	70.0
19-04-30 03:15:04	nan	80.0	65.0	ON	77.8	63.6	nan	85.0	35.0	ON	100.6	56.7	657	PERFECT	679	652	9.08	1000	13.77	7.71	OFF	OFF	90.0	77.0	OFF	70.0
19-04-30 03:15:23	nan	80.0	65.0	ON	77.8	63.6	nan	85.0	35.0	ON	100.6	56.7	656	PERFECT	679	652	9.28	1000	13.77	7.71	OFF	OFF	90.0	77.0	OFF	70.0
19-04-30 03:15:42	nan	80.0	65.0	ON	77.8	63.6	nan	85.0	35.0	ON	100.6	56.7	657	PERFECT	679	652	9.08	1000	13.77	7.71	OFF	OFF	90.0	77.0	OFF	70.0
19-04-30 03:30:00	nan	80.0	65.0	ON	77.8	63.6	nan	85.0	35.0	ON	100.6	56.7	655	PERFECT	679	652	8.89	1000	13.77	7.71	OFF	OFF	90.0	77.0	OFF	70.0
19-04-30 03:30:20	nan	80.0	65.0	ON	77.8	63.6	nan	85.0	35.0	ON	100.6	56.7	658	PERFECT	679	652	8.79	1000	13.77	7.71	OFF	OFF	90.0	77.0	OFF	70.0
19-04-30 03:30:39	nan	80.0	65.0	ON	77.8	63.6	nan	85.0	35.0	ON	100.6	56.7	657	PERFECT	679	652	8.98	1000	13.77	7.71	OFF	OFF	90.0	77.0	OFF	70.0
19-04-30 03:30:58	nan	80.0	65.0	ON	77.8	63.6	nan	85.0	35.0	ON	100.6	56.7	656	PERFECT	679	652	8.98	1000	13.77	7.71	OFF	OFF	90.0	77.0	OFF	70.0
19-04-30 03:45:16	nan	80.0	65.0	ON	77.8	63.6	nan	85.0	35.0	ON	100.6	56.7	656	PERFECT	679	652	8.89	1000	13.77	7.71	OFF	OFF	90.0	77.0	OFF	70.0
19-04-30 03:45:35	nan	80.0	65.0	ON	77.8	63.6	nan	85.0	35.0	ON	100.6	56.7	655	PERFECT	679	652	8.89	1000	13.77	7.71	OFF	OFF	90.0	77.0	OFF	70.0
19-04-30 03:45:54	nan	80.0	65.0	ON	77.8	63.6	nan	85.0	35.0	ON	100.6	56.7	655	PERFECT	679	652	8.89	1000	13.77	7.71	OFF	OFF	90.0	77.0	OFF	70.0
19-04-30 04:00:13	nan	80.0	65.0	ON	77.8	63.6	nan	85.0	35.0	ON	100.6	56.7	655	PERFECT	679	650	8.69	1000	13.77	7.71	OFF	OFF	90.0	77.0	OFF	70.0
19-04-30 04:00:32	nan	80.0	65.0	ON	77.8	63.6	nan	85.0	35.0	ON	100.6	56.7	654	PERFECT	679	650	8.79	1000	13.77	7.71	OFF	OFF	90.0	77.0	OFF	70.0
19-04-30 04:00:51	nan	80.0	65.0	ON	77.8	63.6	nan	85.0	35.0	ON	100.6	56.7	654	PERFECT	679	650	8.89	1000	13.77	7.71	OFF	OFF	90.0	77.0	OFF	70.0
19-04-30 04:15:09	nan	80.0	65.0	ON	77.8	63.6	nan	85.0	35.0	ON	100.6	56.7	654	PERFECT	679	650	8.79	1000	13.77	7.71	OFF	OFF	90.0	77.0	OFF	70.0
19-04-30 04:15:28	nan	80.0	65.0	ON	77.8	63.6	nan	85.0	35.0	ON	100.6	56.7	654	PERFECT	679	650	8.69	1000	13.77	7.71	OFF	OFF	90.0	77.0	OFF	70.0
19-04-30 04:15:47	nan	80.0	65.0	ON	77.8	63.6	nan	85.0	35.0	ON	100.6	56.7	653	PERFECT	679	650	8.69	1000	13.77	7.71	OFF	OFF	90.0	77.0	OFF	70.0
19-04-30 04:30:05	nan	80.0	65.0	ON	77.8	63.6	nan	85.0	35.0	ON	100.6	56.7	653	PERFECT	679	650	8.59	1000	13.77	7.71	OFF	OFF	90.0	77.0	OFF	70.0
19-04-30 04:30:25	nan	80.0	65.0	ON	77.8	63.6	nan	85.0	35.0	ON	100.6	56.7	652	PERFECT	679	650	8.59	1000	13.77	7.71	OFF	OFF	90.0	77.0	OFF	70.0
19-04-30 04:30:44	nan	80.0	65.0	ON	77.8	63.6	nan	85.0	35.0	ON	100.6	56.7	653	PERFECT	679	650	8.59	1000	13.77	7.71	OFF	OFF	90.0	77.0	OFF	70.0
19-04-30 04:45:02	nan	80.0	65.0	ON	77.8	63.6	nan	85.0	35.0	ON	100.6	56.7	653	PERFECT	679	650	8.59	1000	13.77	7.71	OFF	OFF	90.0	77.0	OFF	70.0
19-04-30 04:45:21	nan	80.0	65.0	ON	77.8	63.6	nan	85.0	35.0	ON	100.6	56.7	651	PERFECT	679	650	8.69	1000	13.77	7.71	OFF	OFF	90.0	77.0	OFF	70.0
19-04-30 04:45:40	nan	80.0	65.0	ON	77.8	63.6	nan	85.0	35.0	ON	100.6	56.7	652	PERFECT	679	650	8.5	1000	13.77	7.71	OFF	OFF	90.0	77.0	OFF	70.0
19-04-30 04:45:59	nan	80.0	65.0	ON	77.8	63.6	nan	85.0	35.0	ON	100.6	56.7	652	PERFECT	679	650	8.5	1000	13.77	7.71	OFF	OFF	90.0	77.0	OFF	70.0
19-04-30 05:00:17	nan	80.0	65.0	ON	77.8	63.6	nan	85.0	35.0	ON	100.6	56.7	651	PERFECT	679	649	8.5	1000	13.77	7.71	OFF	OFF	90.0	77.0	OFF	70.0
19-04-30 05:00:36	nan	80.0	65.0	ON	77.8	63.6	nan	85.0	35.0	ON	100.6	56.7	653	PERFECT	679	649	8.4	1000	13.77	7.71	OFF	OFF	90.0	77.0	OFF	70.0
19-04-30 05:00:55	nan	80.0	65.0	ON	77.8	63.6	nan	85.0	35.0	ON	100.6	56.7	654	PERFECT	679	649	8.3	1000	13.77	7.71	OFF	OFF	90.0	77.0	OFF	70.0
19-04-30 05:15:14	nan	80.0	65.0	ON	77.8	63.6	nan	85.0	35.0	ON	100.6	56.7	656	PERFECT	679	649	8.89	1000	13.77	7.71	OFF	OFF	90.0	77.0	OFF	70.0
19-04-30 05:15:33	nan	80.0	65.0	ON	77.8	63.6	nan	85.0	35.0	ON	100.6	56.7	658	PERFECT	679	649	8.98	1000	13.77	7.71	OFF	OFF	90.0	77.0	OFF	70.0
19-04-30 05:15:52	nan	80.0	65.0	ON	77.8	63.6	nan	85.0	35.0	ON	100.6	56.7	657	PERFECT	679	649	8.89	1000	13.77	7.71	OFF	OFF	90.0	77.0	OFF	70.0
19-04-30 05:30:10	nan	80.0	65.0	ON	77.8	63.6	nan	85.0	35.0	ON	100.6	56.7	657	PERFECT	679	649	9.18	1000	13.77	7.71	OFF	OFF	90.0	77.0	OFF	70.0
19-04-30 05:30:29	nan	80.0	65.0	ON	77.8	63.6	nan	85.0	35.0	ON	100.6	56.7	657	PERFECT	679	649	9.18	1000	13.77	7.71	OFF	OFF	90.0	77.0	OFF	70.0
19-04-30 05:30:48	nan	80.0	65.0	ON	77.8	63.6	nan	85.0	35.0	ON	100.6	56.7	657	PERFECT	679	649	9.28	1000	13.77	7.71	OFF	OFF	90.0	77.0	OFF	70.0
19-04-30 05:45:07	nan	80.0	65.0	ON	77.8	63.6	nan	85.0	35.0	ON	100.6	56.7	658	PERFECT	679	649	9.38	1000	13.77	7.71	OFF	OFF	90.0	77.0	OFF	70.0
19-04-30 05:45:26	nan	80.0	65.0	ON	77.8	63.6	nan	85.0	35.0	ON	100.6	56.7	658	PERFECT	679	649	9.57	1000	13.77	7.71	OFF	OFF	90.0	77.0	OFF	70.0
19-04-30 05:45:45	nan	80.0	65.0	ON	77.8	63.6	nan	85.0	35.0	ON	100.6	56.7	658	PERFECT	679	649	9.47	1000	13.77	7.71	OFF	OFF	90.0	77.0	OFF	70.0
19-04-30 06:00:03	nan	80.0	65.0	ON	77.8	63.6	nan	85.0	35.0	ON	100.6	56.7	659	PERFECT	679	649	9.67	1000	13.77	7.71	OFF	OFF	90.0	77.0	OFF	70.0
19-04-30 06:00:22	nan	80.0	65.0	ON	77.8	63.6	nan	85.0	35.0	ON	100.6	56.7	658	PERFECT	679	649	9.57	1000	13.77	7.71	OFF	OFF	90.0	77.0	OFF	70.0
19-04-30 06:00:41	nan	80.0	65.0	ON	77.8	63.6	nan	85.0	35.0	ON	100.6	56.7	658	PERFECT	679	649	9.67	1000	13.77	7.71	OFF	OFF	90.0	77.0	OFF	70.0
19-04-30 06:15:18	nan	80.0	65.0	ON	77.8	63.6	nan	85.0	35.0	ON	100.6	56.7	659	PERFECT	679	649	9.86	1000	13.77	7.71	OFF	OFF	90.0	77.0	OFF	70.0
19-04-30 06:15:37	nan	80.0	65.0	ON	77.8	63.6	nan	85.0	35.0	ON	100.6	56.7	659	PERFECT	679	649	9.96	1000	13.77	7.71	OFF	OFF	90.0	77.0	OFF	70.0
19-04-30 06:15:56	nan	80.0	65.0	ON	77.8	63.6	nan	85.0	35.0	ON	100.6	56.7	661	PERFECT	679	649	9.86	1000	13.77	7.71	OFF	OFF	90.0	77.0	OFF	70.0
19-04-30 06:30:15	nan	80.0	65.0	ON	77.8	63.6	nan	85.0	35.0	ON	100.6	56.7	658	PERFECT	679	649	9.96	1000	13.77	7.71	OFF	OFF	90.0	77.0	OFF	70.0
19-04-30 06:30:34	nan	80.0	65.0	ON	77.8	63.6	nan	85.0	35.0	ON	100.6	56.7	658	PERFECT	679	649	9.96	1000	13.77	7.71	OFF	OFF	90.0	77.0	OFF	70.0
19-04-30 06:30:53	nan	80.0	65.0	ON	77.8	63.6	nan	85.0	35.0	ON	100.6	56.7	659	PERFECT	679	649	9.96	1000	13.77	7.71	OFF	OFF	90.0	77.0	OFF	70.0
19-04-30 06:45:09	nan	80.0	65.0	ON	77.8	63.6	nan	85.0	35.0	ON	100.6	56.7	659	PERFECT	679	649	9.96	1000	13.77	7.71	OFF	OFF	90.0	77.0	OFF	70.0
19-04-30 06:45:28	nan	80.0	65.0	ON	77.8	63.6	nan	85.0	35.0	ON	100.6	56.7	659	PERFECT	679	649	9.96	1000	13.77	7.71	OFF	OFF	90.0	77.0	OFF	70.0
19-04-30 06:45:47	nan	80.0	65.0	ON	77.8	63.6	nan	85.0	35.0	ON	100.6	56.7	660	PERFECT	679	649	10.06	1000	13.77	7.71	OFF	OFF	90.0	77.0	OFF	70.0
19-04-30 07:00:03	nan	80.0	65.0	ON	77.8	63.6	nan	85.0	35.0	ON	100.6	56.7	659	PERFECT	679	649	10.06	1000	13.77	7.71	OFF	OFF	90.0	77.0	OFF	70.0
19-04-30 07:00:22	nan	80.0	65.0	ON	77.8	63.6	nan	85.0	35.0	ON	100.6	56.7	659	PERFECT	679	649	10.06	1000	13.77	7.71	OFF	OFF	90.0	77.0	OFF	70.0
19-04-30 07:00:41	nan	80.0	65.0	ON	77.8	63.6	nan	85.0	35.0	ON	100.6	56.7	658	PERFECT	679	649	10.25	1000	13.77	7.71	OFF	OFF	90.0	77.0	OFF	70.0
19-04-30 07:15:10	69.8	80.0	65.0	OFF	71.5	69.7	72.3	85.0	35.0	OFF	79.3	64.7	654	PERFECT	659	651	7.91	1000	8.01	6.64	OFF	OFF	90.0	77.0	ON	70.0
19-04-30 07:15:29	69.8	80.0	65.0	OFF	71.5	69.7	72.4	85.0	35.0	OFF	79.3	64.7	657	PERFECT	659	651	8.11	1000	8.11	6.64	OFF	OFF	90.0	77.0	ON	70.0
19-04-30 07:15:48	69.8	80.0	65.0	OFF	71.5	69.7	72.7	85.0	35.0	OFF	79.3	64.7	656	PERFECT	659	651	8.11	1000	8.11	6.64	OFF	OFF	90.0	77.0	ON	70.0
19-04-30 07:30:05	70.6	80.0	65.0	OFF	71.5	69.7	77.1	85.0	35.0	OFF	79.3	64.7	657	PERFECT	662	651	8.98	1000	8.98	6.64	OFF	OFF	90.0	77.0	OFF	70.0
19-04-30 07:30:24	70.6	80.0	65.0	OFF	71.5	69.7	77.1	85.0	35.0	OFF	79.3	64.7	661	PERFECT	662	651	8.98	1000	8.98	6.64	OFF	OFF	90.0	77.0	OFF	70.0
19-04-30 07:30:43	70.6	80.0	65.0	OFF	71.5	69.7	77.1	85.0	35.0	OFF	79.3	64.7	661	PERFECT	662	651	8.98	1000	8.98	6.64	OFF	OFF	90.0	77.0	OFF	70.0
19-04-30 07:45:01	71.1	80.0	65.0	OFF	71.5	69.7	78.0	85.0	35.0	OFF	79.3	64.7	661	PERFECT	664	648	9.38	1000	9.77	6.64	OFF	OFF	90.0	77.0	OFF	70.0
19-04-30 07:45:20	71.0	80.0	65.0	OFF	71.5	69.7	77.9	85.0	35.0	OFF	79.3	64.7	660	PERFECT	664	648	9.47	1000	9.77	6.64	OFF	OFF	90.0	77.0	OFF	70.0
19-04-30 07:45:39	71.1	80.0	65.0	OFF	71.5	69.7	78.0	85.0	35.0	OFF	79.3	64.7	659	PERFECT	664	648	9.47	1000	9.77	6.64	OFF	OFF	90.0	77.0	OFF	70.0
19-04-30 07:45:58	71.1	80.0	65.0	OFF	71.5	69.7	78.1	85.0	35.0	OFF	79.3	64.7	660	PERFECT	664	648	9.47	1000	9.77	6.64	OFF	OFF	90.0	77.0	OFF	70.0
19-04-30 08:00:15	71.3	80.0	65.0	OFF	71.5	69.7	78.3	85.0	35.0	OFF	79.3	64.7	660	PERFECT	664	648	9.67	1000	9.77	6.64	OFF	OFF	90.0	77.0	OFF	70.0
19-04-30 08:00:34	71.3	80.0	65.0	OFF	71.5	69.7	78.3	85.0	35.0	OFF	79.3	64.7	660	PERFECT	664	648	9.67	1000	9.77	6.64	OFF	OFF	90.0	77.0	OFF	70.0
19-04-30 08:00:53	71.4	80.0	65.0	OFF	71.5	69.7	78.4	85.0	35.0	OFF	79.3	64.7	660	PERFECT	664	648	9.67	1000	9.77	6.64	OFF	OFF	90.0	77.0	OFF	70.0
19-04-30 08:15:11	71.5	80.0	65.0	OFF	71.5	69.7	78.6	85.0	35.0	OFF	79.3	64.7	661	PERFECT	664	648	9.86	1000	9.86	6.64	OFF	OFF	90.0	77.0	OFF	70.0
19-04-30 08:15:30	71.5	80.0	65.0	OFF	71.5	69.7	78.6	85.0	35.0	OFF	79.3	64.7	661	PERFECT	664	648	9.67	1000	9.86	6.64	OFF	OFF	90.0	77.0	OFF	70.0
19-04-30 08:15:49	71.5	80.0	65.0	OFF	71.5	69.7	78.6	85.0	35.0	OFF	79.3	64.7	663	PERFECT	664	648	9.77	1000	9.86	6.64	OFF	OFF	90.0	77.0	OFF	70.0
19-04-30 08:30:07	71.6	80.0	65.0	OFF	71.7	69.7	78.7	85.0	35.0	OFF	79.3	64.7	660	PERFECT	664	648	9.96	1000	9.96	6.64	OFF	OFF	90.0	77.0	OFF	70.0
19-04-30 08:30:26	71.7	80.0	65.0	OFF	71.7	69.7	78.7	85.0	35.0	OFF	79.3	64.7	661	PERFECT	664	648	9.96	1000	9.96	6.64	OFF	OFF	90.0	77.0	OFF	70.0
19-04-30 08:30:45	71.7	80.0	65.0	OFF	71.7	69.7	78.7	85.0	35.0	OFF	79.3	64.7	660	PERFECT	664	648	9.86	1000	9.96	6.64	OFF	OFF	90.0	77.0	OFF	70.0
19-04-30 08:45:02	71.7	80.0	65.0	OFF	71.8	69.7	78.6	85.0	35.0	OFF	79.3	64.7	660	PERFECT	664	648	10.06	1000	10.25	6.64	OFF	OFF	90.0	77.0	OFF	70.0
19-04-30 08:45:21	71.7	80.0	65.0	OFF	71.8	69.7	78.5	85.0	35.0	OFF	79.3	64.7	660	PERFECT	664	648	10.06	1000	10.25	6.64	OFF	OFF	90.0	77.0	OFF	70.0
19-04-30 08:45:40	71.8	80.0	65.0	OFF	71.8	69.7	78.6	85.0	35.0	OFF	79.3	64.7	661	PERFECT	664	648	9.96	1000	10.25	6.64	OFF	OFF	90.0	77.0	OFF	70.0
19-04-30 08:45:59	71.8	80.0	65.0	OFF	71.8	69.7	78.7	85.0	35.0	OFF	79.3	64.7	660	PERFECT	664	648	10.06	1000	10.25	6.64	OFF	OFF	90.0	77.0	OFF	70.0
19-04-30 09:00:16	nan	80.0	65.0	ON	71.8	69.7	nan	85.0	35.0	ON	79.3	64.7	660	PERFECT	664	648	10.06	1000	10.25	6.64	OFF	OFF	90.0	77.0	OFF	70.0
19-04-30 09:00:35	nan	80.0	65.0	ON	71.8	69.7	nan	85.0	35.0	ON	79.3	64.7	662	PERFECT	664	648	10.06	1000	10.25	6.64	OFF	OFF	90.0	77.0	OFF	70.0
19-04-30 09:00:54	nan	80.0	65.0	ON	71.8	69.7	nan	85.0	35.0	ON	79.3	64.7	660	PERFECT	664	648	10.06	1000	10.25	6.64	OFF	OFF	90.0	77.0	OFF	70.0
19-04-30 09:15:10	nan	80.0	65.0	ON	71.8	69.7	nan	85.0	35.0	ON	79.3	64.7	660	PERFECT	664	648	10.06	1000	10.25	6.64	OFF	OFF	90.0	77.0	OFF	70.0
19-04-30 09:15:29	nan	80.0	65.0	ON	71.8	69.7	nan	85.0	35.0	ON	79.3	64.7	661	PERFECT	664	648	10.06	1000	10.25	6.64	OFF	OFF	90.0	77.0	OFF	70.0
19-04-30 09:15:48	nan	80.0	65.0	ON	71.8	69.7	nan	85.0	35.0	ON	79.3	64.7	660	PERFECT	664	648	10.16	1000	10.25	6.64	OFF	OFF	90.0	77.0	OFF	70.0
19-04-30 09:30:04	nan	80.0	65.0	ON	71.8	69.7	nan	85.0	35.0	ON	79.3	64.7	660	PERFECT	664	648	10.06	1000	10.25	6.64	OFF	OFF	90.0	77.0	OFF	70.0
19-04-30 09:30:23	nan	80.0	65.0	ON	71.8	69.7	nan	85.0	35.0	ON	79.3	64.7	660	PERFECT	664	648	10.06	1000	10.25	6.64	OFF	OFF	90.0	77.0	OFF	70.0
19-04-30 09:30:42	nan	80.0	65.0	ON	71.8	69.7	nan	85.0	35.0	ON	79.3	64.7	660	PERFECT	664	648	10.06	1000	10.25	6.64	OFF	OFF	90.0	77.0	OFF	70.0
19-04-30 09:45:17	nan	80.0	65.0	ON	71.8	69.7	nan	85.0	35.0	ON	79.3	64.7	658	PERFECT	664	648	10.25	1000	10.25	6.64	OFF	OFF	90.0	77.0	OFF	70.0
19-04-30 09:45:36	nan	80.0	65.0	ON	71.8	69.7	nan	85.0	35.0	ON	79.3	64.7	662	PERFECT	664	648	10.25	1000	10.25	6.64	OFF	OFF	90.0	77.0	OFF	70.0
19-04-30 09:45:55	nan	80.0	65.0	ON	71.8	69.7	nan	85.0	35.0	ON	79.3	64.7	660	PERFECT	664	648	10.25	1000	10.25	6.64	OFF	OFF	90.0	77.0	OFF	70.0
19-04-30 10:00:11	nan	80.0	65.0	ON	71.8	69.7	nan	85.0	35.0	ON	79.3	64.7	659	PERFECT	664	648	10.06	1000	10.35	6.64	OFF	OFF	90.0	77.0	OFF	70.0
19-04-30 10:00:30	nan	80.0	65.0	ON	71.8	69.7	nan	85.0	35.0	ON	79.3	64.7	660	PERFECT	664	648	10.06	1000	10.35	6.64	OFF	OFF	90.0	77.0	OFF	70.0
19-04-30 10:00:49	nan	80.0	65.0	ON	71.8	69.7	nan	85.0	35.0	ON	79.3	64.7	658	PERFECT	664	648	10.16	1000	10.35	6.64	OFF	OFF	90.0	77.0	OFF	70.0
19-04-30 10:15:05	nan	80.0	65.0	ON	71.8	69.7	nan	85.0	35.0	ON	79.3	64.7	662	PERFECT	664	648	10.06	1000	10.35	6.64	OFF	OFF	90.0	77.0	OFF	70.0
19-04-30 10:15:24	nan	80.0	65.0	ON	71.8	69.7	nan	85.0	35.0	ON	79.3	64.7	660	PERFECT	664	648	10.16	1000	10.35	6.64	OFF	OFF	90.0	77.0	OFF	70.0
19-04-30 10:15:44	nan	80.0	65.0	ON	71.8	69.7	nan	85.0	35.0	ON	79.3	64.7	661	PERFECT	664	648	9.96	1000	10.35	6.64	OFF	OFF	90.0	77.0	OFF	70.0
19-04-30 10:30:00	nan	80.0	65.0	ON	71.8	69.7	nan	85.0	35.0	ON	79.3	64.7	661	PERFECT	664	648	9.96	1000	10.35	6.64	OFF	OFF	90.0	77.0	OFF	70.0
19-04-30 10:30:19	nan	80.0	65.0	ON	71.8	69.7	nan	85.0	35.0	ON	79.3	64.7	659	PERFECT	664	648	10.06	1000	10.35	6.64	OFF	OFF	90.0	77.0	OFF	70.0
19-04-30 10:30:38	nan	80.0	65.0	ON	71.8	69.7	nan	85.0	35.0	ON	79.3	64.7	659	PERFECT	664	648	10.06	1000	10.35	6.64	OFF	OFF	90.0	77.0	OFF	70.0
19-04-30 10:30:57	nan	80.0	65.0	ON	71.8	69.7	nan	85.0	35.0	ON	79.3	64.7	660	PERFECT	664	648	10.06	1000	10.35	6.64	OFF	OFF	90.0	77.0	OFF	70.0
19-04-30 10:45:13	nan	80.0	65.0	ON	71.8	69.7	nan	85.0	35.0	ON	79.3	64.7	660	PERFECT	664	648	10.06	1000	10.35	6.64	OFF	OFF	90.0	77.0	OFF	70.0
19-04-30 10:45:32	nan	80.0	65.0	ON	71.8	69.7	nan	85.0	35.0	ON	79.3	64.7	660	PERFECT	664	648	10.06	1000	10.35	6.64	OFF	OFF	90.0	77.0	OFF	70.0
19-04-30 10:45:51	nan	80.0	65.0	ON	71.8	69.7	nan	85.0	35.0	ON	79.3	64.7	659	PERFECT	664	648	10.06	1000	10.35	6.64	OFF	OFF	90.0	77.0	OFF	70.0
19-04-30 11:00:07	nan	80.0	65.0	ON	71.8	69.7	nan	85.0	35.0	ON	79.3	64.7	659	PERFECT	664	648	10.06	1000	10.45	6.64	OFF	OFF	90.0	77.0	OFF	70.0
19-04-30 11:00:26	nan	80.0	65.0	ON	71.8	69.7	nan	85.0	35.0	ON	79.3	64.7	660	PERFECT	664	648	10.06	1000	10.45	6.64	OFF	OFF	90.0	77.0	OFF	70.0
19-04-30 11:00:45	nan	80.0	65.0	ON	71.8	69.7	nan	85.0	35.0	ON	79.3	64.7	658	PERFECT	664	648	10.06	1000	10.45	6.64	OFF	OFF	90.0	77.0	OFF	70.0
19-04-30 11:15:01	nan	80.0	65.0	ON	71.8	69.7	nan	85.0	35.0	ON	79.3	64.7	658	PERFECT	664	648	9.96	1000	10.45	6.64	OFF	OFF	90.0	77.0	OFF	70.0
19-04-30 11:15:20	nan	80.0	65.0	ON	71.8	69.7	nan	85.0	35.0	ON	79.3	64.7	658	PERFECT	664	648	10.06	1000	10.45	6.64	OFF	OFF	90.0	77.0	OFF	70.0
19-04-30 11:15:39	nan	80.0	65.0	ON	71.8	69.7	nan	85.0	35.0	ON	79.3	64.7	657	PERFECT	664	648	10.06	1000	10.45	6.64	OFF	OFF	90.0	77.0	OFF	70.0
19-04-30 11:15:58	nan	80.0	65.0	ON	71.8	69.7	nan	85.0	35.0	ON	79.3	64.7	659	PERFECT	664	648	10.06	1000	10.45	6.64	OFF	OFF	90.0	77.0	OFF	70.0
19-04-30 11:30:14	nan	80.0	65.0	ON	71.8	69.7	nan	85.0	35.0	ON	79.3	64.7	659	PERFECT	664	648	10.06	1000	10.45	6.64	OFF	OFF	90.0	77.0	OFF	70.0
19-04-30 11:30:33	nan	80.0	65.0	ON	71.8	69.7	nan	85.0	35.0	ON	79.3	64.7	658	PERFECT	664	648	10.06	1000	10.45	6.64	OFF	OFF	90.0	77.0	OFF	70.0
19-04-30 11:30:52	nan	80.0	65.0	ON	71.8	69.7	nan	85.0	35.0	ON	79.3	64.7	657	PERFECT	664	648	10.06	1000	10.45	6.64	OFF	OFF	90.0	77.0	OFF	70.0
19-04-30 11:45:08	nan	80.0	65.0	ON	71.8	69.7	nan	85.0	35.0	ON	79.3	64.7	658	PERFECT	664	648	10.06	1000	10.45	6.64	OFF	OFF	90.0	77.0	OFF	70.0
19-04-30 11:45:27	nan	80.0	65.0	ON	71.8	69.7	nan	85.0	35.0	ON	79.3	64.7	657	PERFECT	664	648	9.96	1000	10.45	6.64	OFF	OFF	90.0	77.0	OFF	70.0
19-04-30 11:45:46	nan	80.0	65.0	ON	71.8	69.7	nan	85.0	35.0	ON	79.3	64.7	658	PERFECT	664	648	10.06	1000	10.45	6.64	OFF	OFF	90.0	77.0	OFF	70.0
19-04-30 12:00:02	nan	80.0	65.0	ON	71.8	69.7	nan	85.0	35.0	ON	79.3	64.7	657	PERFECT	664	648	10.06	1000	10.45	6.64	OFF	OFF	90.0	77.0	OFF	70.0
19-04-30 12:00:21	nan	80.0	65.0	ON	71.8	69.7	nan	85.0	35.0	ON	79.3	64.7	657	PERFECT	664	648	10.06	1000	10.45	6.64	OFF	OFF	90.0	77.0	OFF	70.0
19-04-30 12:00:41	nan	80.0	65.0	ON	71.8	69.7	nan	85.0	35.0	ON	79.3	64.7	659	PERFECT	664	648	10.06	1000	10.45	6.64	OFF	OFF	90.0	77.0	OFF	70.0
19-04-30 12:15:16	nan	80.0	65.0	ON	71.8	69.7	nan	85.0	35.0	ON	79.3	64.7	658	PERFECT	664	648	9.86	1000	10.45	6.64	OFF	OFF	90.0	77.0	OFF	70.0
19-04-30 12:15:35	nan	80.0	65.0	ON	71.8	69.7	nan	85.0	35.0	ON	79.3	64.7	657	PERFECT	664	648	9.96	1000	10.45	6.64	OFF	OFF	90.0	77.0	OFF	70.0
19-04-30 12:15:54	nan	80.0	65.0	ON	71.8	69.7	nan	85.0	35.0	ON	79.3	64.7	658	PERFECT	664	648	10.06	1000	10.45	6.64	OFF	OFF	90.0	77.0	OFF	70.0
19-04-30 12:30:10	nan	80.0	65.0	ON	71.8	69.7	nan	85.0	35.0	ON	79.3	64.7	658	PERFECT	664	648	10.06	1000	10.45	6.64	OFF	OFF	90.0	77.0	OFF	70.0
19-04-30 12:30:29	nan	80.0	65.0	ON	71.8	69.7	nan	85.0	35.0	ON	79.3	64.7	658	PERFECT	664	648	9.96	1000	10.45	6.64	OFF	OFF	90.0	77.0	OFF	70.0
19-04-30 12:30:48	nan	80.0	65.0	ON	71.8	69.7	nan	85.0	35.0	ON	79.3	64.7	657	PERFECT	664	648	10.06	1000	10.45	6.64	OFF	OFF	90.0	77.0	OFF	70.0
19-04-30 12:45:04	nan	80.0	65.0	ON	71.8	69.7	nan	85.0	35.0	ON	79.3	64.7	657	PERFECT	664	648	9.96	1000	10.45	6.64	OFF	OFF	90.0	77.0	OFF	70.0
19-04-30 12:45:23	nan	80.0	65.0	ON	71.8	69.7	nan	85.0	35.0	ON	79.3	64.7	658	PERFECT	664	648	9.96	1000	10.45	6.64	OFF	OFF	90.0	77.0	OFF	70.0
19-04-30 12:45:42	nan	80.0	65.0	ON	71.8	69.7	nan	85.0	35.0	ON	79.3	64.7	656	PERFECT	664	648	9.86	1000	10.45	6.64	OFF	OFF	90.0	77.0	OFF	70.0
19-04-30 13:00:17	nan	80.0	65.0	ON	71.8	69.7	nan	85.0	35.0	ON	79.3	64.7	658	PERFECT	664	648	10.06	1000	10.45	6.64	OFF	OFF	90.0	77.0	OFF	70.0
19-04-30 13:00:36	nan	80.0	65.0	ON	71.8	69.7	nan	85.0	35.0	ON	79.3	64.7	657	PERFECT	664	648	10.06	1000	10.45	6.64	OFF	OFF	90.0	77.0	OFF	70.0
19-04-30 13:00:55	nan	80.0	65.0	ON	71.8	69.7	nan	85.0	35.0	ON	79.3	64.7	656	PERFECT	664	648	10.06	1000	10.45	6.64	OFF	OFF	90.0	77.0	OFF	70.0
19-04-30 13:15:13	nan	80.0	65.0	ON	71.8	69.7	nan	85.0	35.0	ON	79.3	64.7	655	PERFECT	664	648	10.06	1000	10.45	6.64	OFF	OFF	90.0	77.0	OFF	70.0
19-04-30 13:15:32	nan	80.0	65.0	ON	71.8	69.7	nan	85.0	35.0	ON	79.3	64.7	656	PERFECT	664	648	10.06	1000	10.45	6.64	OFF	OFF	90.0	77.0	OFF	70.0
19-04-30 13:15:51	nan	80.0	65.0	ON	71.8	69.7	nan	85.0	35.0	ON	79.3	64.7	656	PERFECT	664	648	9.86	1000	10.45	6.64	OFF	OFF	90.0	77.0	OFF	70.0
19-04-30 13:30:10	nan	80.0	65.0	ON	71.8	69.7	nan	85.0	35.0	ON	79.3	64.7	656	PERFECT	664	648	9.96	1000	10.45	6.64	OFF	OFF	90.0	77.0	OFF	70.0
19-04-30 13:30:29	nan	80.0	65.0	ON	71.8	69.7	nan	85.0	35.0	ON	79.3	64.7	655	PERFECT	664	648	9.96	1000	10.45	6.64	OFF	OFF	90.0	77.0	OFF	70.0
19-04-30 13:30:48	nan	80.0	65.0	ON	71.8	69.7	nan	85.0	35.0	ON	79.3	64.7	656	PERFECT	664	648	9.96	1000	10.45	6.64	OFF	OFF	90.0	77.0	OFF	70.0
19-04-30 13:45:07	nan	80.0	65.0	ON	71.8	69.7	nan	85.0	35.0	ON	79.3	64.7	655	PERFECT	664	648	10.06	1000	10.45	6.64	OFF	OFF	90.0	77.0	OFF	70.0
19-04-30 13:45:26	nan	80.0	65.0	ON	71.8	69.7	nan	85.0	35.0	ON	79.3	64.7	656	PERFECT	664	648	10.06	1000	10.45	6.64	OFF	OFF	90.0	77.0	OFF	70.0
19-04-30 13:45:45	nan	80.0	65.0	ON	71.8	69.7	nan	85.0	35.0	ON	79.3	64.7	657	PERFECT	664	648	9.96	1000	10.45	6.64	OFF	OFF	90.0	77.0	OFF	70.0
19-04-30 14:00:03	nan	80.0	65.0	ON	71.8	69.7	nan	85.0	35.0	ON	79.3	64.7	656	PERFECT	664	648	9.96	1000	10.45	6.64	OFF	OFF	90.0	77.0	OFF	70.0
19-04-30 14:00:23	nan	80.0	65.0	ON	71.8	69.7	nan	85.0	35.0	ON	79.3	64.7	658	PERFECT	664	648	9.96	1000	10.45	6.64	OFF	OFF	90.0	77.0	OFF	70.0
19-04-30 14:00:42	nan	80.0	65.0	ON	71.8	69.7	nan	85.0	35.0	ON	79.3	64.7	654	PERFECT	664	648	10.06	1000	10.45	6.64	OFF	OFF	90.0	77.0	OFF	70.0
19-04-30 14:15:00	nan	80.0	65.0	ON	71.8	69.7	nan	85.0	35.0	ON	79.3	64.7	654	PERFECT	664	648	10.06	1000	10.45	6.64	OFF	OFF	90.0	77.0	OFF	70.0
19-04-30 14:15:19	nan	80.0	65.0	ON	71.8	69.7	nan	85.0	35.0	ON	79.3	64.7	654	PERFECT	664	648	9.96	1000	10.45	6.64	OFF	OFF	90.0	77.0	OFF	70.0
19-04-30 14:15:39	nan	80.0	65.0	ON	71.8	69.7	nan	85.0	35.0	ON	79.3	64.7	655	PERFECT	664	648	9.96	1000	10.45	6.64	OFF	OFF	90.0	77.0	OFF	70.0
19-04-30 14:15:58	nan	80.0	65.0	ON	71.8	69.7	nan	85.0	35.0	ON	79.3	64.7	655	PERFECT	664	648	9.96	1000	10.45	6.64	OFF	OFF	90.0	77.0	OFF	70.0
19-04-30 14:30:16	nan	80.0	65.0	ON	71.8	69.7	nan	85.0	35.0	ON	79.3	64.7	654	PERFECT	664	648	10.06	1000	10.45	6.64	OFF	OFF	90.0	77.0	OFF	70.0
19-04-30 14:30:35	nan	80.0	65.0	ON	71.8	69.7	nan	85.0	35.0	ON	79.3	64.7	654	PERFECT	664	648	10.06	1000	10.45	6.64	OFF	OFF	90.0	77.0	OFF	70.0
19-04-30 14:30:54	nan	80.0	65.0	ON	71.8	69.7	nan	85.0	35.0	ON	79.3	64.7	654	PERFECT	664	648	9.96	1000	10.45	6.64	OFF	OFF	90.0	77.0	OFF	70.0
19-04-30 14:45:13	nan	80.0	65.0	ON	71.8	69.7	nan	85.0	35.0	ON	79.3	64.7	655	PERFECT	664	648	10.06	1000	10.45	6.64	OFF	OFF	90.0	77.0	OFF	70.0
19-04-30 14:45:32	nan	80.0	65.0	ON	71.8	69.7	nan	85.0	35.0	ON	79.3	64.7	654	PERFECT	664	648	10.06	1000	10.45	6.64	OFF	OFF	90.0	77.0	OFF	70.0
19-04-30 14:45:51	nan	80.0	65.0	ON	71.8	69.7	nan	85.0	35.0	ON	79.3	64.7	654	PERFECT	664	648	10.06	1000	10.45	6.64	OFF	OFF	90.0	77.0	OFF	70.0
19-04-30 15:00:10	nan	80.0	65.0	ON	71.8	69.7	nan	85.0	35.0	ON	79.3	64.7	654	PERFECT	664	648	9.96	1000	10.45	6.64	OFF	OFF	90.0	77.0	OFF	70.0
19-04-30 15:00:29	nan	80.0	65.0	ON	71.8	69.7	nan	85.0	35.0	ON	79.3	64.7	653	PERFECT	664	648	9.96	1000	10.45	6.64	OFF	OFF	90.0	77.0	OFF	70.0
19-04-30 15:00:48	nan	80.0	65.0	ON	71.8	69.7	nan	85.0	35.0	ON	79.3	64.7	655	PERFECT	664	648	10.06	1000	10.45	6.64	OFF	OFF	90.0	77.0	OFF	70.0
19-04-30 15:15:07	nan	80.0	65.0	ON	71.8	69.7	nan	85.0	35.0	ON	79.3	64.7	654	PERFECT	664	648	10.06	1000	10.45	6.64	OFF	OFF	90.0	77.0	OFF	70.0
19-04-30 15:15:26	nan	80.0	65.0	ON	71.8	69.7	nan	85.0	35.0	ON	79.3	64.7	654	PERFECT	664	648	10.06	1000	10.45	6.64	OFF	OFF	90.0	77.0	OFF	70.0
19-04-30 15:15:45	nan	80.0	65.0	ON	71.8	69.7	nan	85.0	35.0	ON	79.3	64.7	654	PERFECT	664	648	10.06	1000	10.45	6.64	OFF	OFF	90.0	77.0	OFF	70.0
19-04-30 15:30:04	nan	80.0	65.0	ON	71.8	69.7	nan	85.0	35.0	ON	79.3	64.7	654	PERFECT	664	648	10.06	1000	10.45	6.64	OFF	OFF	90.0	77.0	OFF	70.0
19-04-30 15:30:23	nan	80.0	65.0	ON	71.8	69.7	nan	85.0	35.0	ON	79.3	64.7	654	PERFECT	664	648	9.96	1000	10.45	6.64	OFF	OFF	90.0	77.0	OFF	70.0
19-04-30 15:30:42	nan	80.0	65.0	ON	71.8	69.7	nan	85.0	35.0	ON	79.3	64.7	653	PERFECT	664	648	10.06	1000	10.45	6.64	OFF	OFF	90.0	77.0	OFF	70.0
19-04-30 15:45:00	nan	80.0	65.0	ON	71.8	69.7	nan	85.0	35.0	ON	79.3	64.7	652	PERFECT	664	648	10.16	1000	10.45	6.64	OFF	OFF	90.0	77.0	OFF	70.0
19-04-30 15:45:19	nan	80.0	65.0	ON	71.8	69.7	nan	85.0	35.0	ON	79.3	64.7	653	PERFECT	664	648	9.96	1000	10.45	6.64	OFF	OFF	90.0	77.0	OFF	70.0
19-04-30 15:45:39	nan	80.0	65.0	ON	71.8	69.7	nan	85.0	35.0	ON	79.3	64.7	653	PERFECT	664	648	10.16	1000	10.45	6.64	OFF	OFF	90.0	77.0	OFF	70.0
19-04-30 15:45:58	nan	80.0	65.0	ON	71.8	69.7	nan	85.0	35.0	ON	79.3	64.7	656	PERFECT	664	648	10.16	1000	10.45	6.64	OFF	OFF	90.0	77.0	OFF	70.0
19-04-30 16:00:16	nan	80.0	65.0	ON	71.8	69.7	nan	85.0	35.0	ON	79.3	64.7	656	PERFECT	664	648	10.06	1000	10.45	6.64	OFF	OFF	90.0	77.0	OFF	70.0
19-04-30 16:00:35	nan	80.0	65.0	ON	71.8	69.7	nan	85.0	35.0	ON	79.3	64.7	653	PERFECT	664	648	10.16	1000	10.45	6.64	OFF	OFF	90.0	77.0	OFF	70.0
19-04-30 16:00:54	nan	80.0	65.0	ON	71.8	69.7	nan	85.0	35.0	ON	79.3	64.7	653	PERFECT	664	648	10.16	1000	10.45	6.64	OFF	OFF	90.0	77.0	OFF	70.0
19-04-30 16:15:13	nan	80.0	65.0	ON	71.8	69.7	nan	85.0	35.0	ON	79.3	64.7	653	PERFECT	664	648	10.16	1000	10.45	6.64	OFF	OFF	90.0	77.0	OFF	70.0
19-04-30 16:15:32	nan	80.0	65.0	ON	71.8	69.7	nan	85.0	35.0	ON	79.3	64.7	653	PERFECT	664	648	10.06	1000	10.45	6.64	OFF	OFF	90.0	77.0	OFF	70.0
19-04-30 16:15:51	nan	80.0	65.0	ON	71.8	69.7	nan	85.0	35.0	ON	79.3	64.7	653	PERFECT	664	648	10.16	1000	10.45	6.64	OFF	OFF	90.0	77.0	OFF	70.0
19-04-30 16:30:09	nan	80.0	65.0	ON	71.8	69.7	nan	85.0	35.0	ON	79.3	64.7	652	PERFECT	664	648	10.25	1000	10.64	6.64	OFF	OFF	90.0	77.0	OFF	70.0
19-04-30 16:30:29	nan	80.0	65.0	ON	71.8	69.7	nan	85.0	35.0	ON	79.3	64.7	653	PERFECT	664	648	10.35	1000	10.64	6.64	OFF	OFF	90.0	77.0	OFF	70.0
19-04-30 16:30:48	nan	80.0	65.0	ON	71.8	69.7	nan	85.0	35.0	ON	79.3	64.7	652	PERFECT	664	648	10.35	1000	10.64	6.64	OFF	OFF	90.0	77.0	OFF	70.0
19-04-30 18:00:03	70.1	80.0	65.0	OFF	71.2	68.7	74.5	85.0	35.0	OFF	74.5	65.1	658	PERFECT	658	647	9.47	1000	9.57	7.71	OFF	OFF	90.0	77.0	ON	70.0
19-04-30 18:00:22	70.1	80.0	65.0	OFF	71.2	68.7	74.6	85.0	35.0	OFF	74.6	65.1	656	PERFECT	658	647	9.47	1000	9.57	7.71	OFF	OFF	90.0	77.0	ON	70.0
19-04-30 18:00:41	70.1	80.0	65.0	OFF	71.2	68.7	74.6	85.0	35.0	OFF	74.6	65.1	656	PERFECT	658	647	9.67	1000	9.67	7.71	OFF	OFF	90.0	77.0	ON	70.0
19-04-30 18:15:17	71.6	80.0	65.0	OFF	71.6	68.7	75.9	85.0	35.0	OFF	76.0	65.1	663	PERFECT	665	647	10.25	1000	10.55	7.71	OFF	OFF	90.0	77.0	OFF	70.0
19-04-30 18:15:36	71.6	80.0	65.0	OFF	71.6	68.7	76.0	85.0	35.0	OFF	76.0	65.1	663	PERFECT	665	647	10.25	1000	10.55	7.71	OFF	OFF	90.0	77.0	OFF	70.0
19-04-30 18:15:56	71.6	80.0	65.0	OFF	71.6	68.7	75.9	85.0	35.0	OFF	76.0	65.1	661	PERFECT	665	647	10.35	1000	10.55	7.71	OFF	OFF	90.0	77.0	OFF	70.0
19-04-30 18:30:14	72.4	80.0	65.0	OFF	72.4	68.7	76.7	85.0	35.0	OFF	76.7	65.1	663	PERFECT	665	647	11.04	1000	11.04	7.71	OFF	OFF	90.0	77.0	OFF	70.0
19-04-30 18:30:33	72.3	80.0	65.0	OFF	72.4	68.7	76.6	85.0	35.0	OFF	76.7	65.1	664	PERFECT	665	647	10.94	1000	11.04	7.71	OFF	OFF	90.0	77.0	OFF	70.0
19-04-30 18:30:53	72.3	80.0	65.0	OFF	72.4	68.7	76.6	85.0	35.0	OFF	76.7	65.1	662	PERFECT	665	647	10.84	1000	11.04	7.71	OFF	OFF	90.0	77.0	OFF	70.0
19-04-30 18:45:13	72.8	80.0	65.0	OFF	72.8	68.7	77.2	85.0	35.0	OFF	77.2	65.1	663	PERFECT	665	647	11.82	1000	11.82	7.71	OFF	OFF	90.0	77.0	OFF	70.0
19-04-30 18:45:32	72.8	80.0	65.0	OFF	72.8	68.7	77.2	85.0	35.0	OFF	77.2	65.1	663	PERFECT	665	647	11.52	1000	11.82	7.71	OFF	OFF	90.0	77.0	OFF	70.0
19-04-30 18:45:51	72.8	80.0	65.0	OFF	72.8	68.7	77.2	85.0	35.0	OFF	77.2	65.1	664	PERFECT	665	647	11.62	1000	11.82	7.71	OFF	OFF	90.0	77.0	OFF	70.0
19-04-30 19:00:11	73.0	80.0	65.0	OFF	73.1	68.7	77.5	85.0	35.0	OFF	77.6	65.1	662	PERFECT	665	647	11.91	1000	12.01	7.71	OFF	OFF	90.0	77.0	OFF	70.0
19-04-30 19:00:30	73.0	80.0	65.0	OFF	73.1	68.7	77.5	85.0	35.0	OFF	77.6	65.1	663	PERFECT	665	647	12.01	1000	12.01	7.71	OFF	OFF	90.0	77.0	OFF	70.0
19-04-30 19:00:49	73.1	80.0	65.0	OFF	73.1	68.7	77.6	85.0	35.0	OFF	77.6	65.1	662	PERFECT	665	647	11.91	1000	12.01	7.71	OFF	OFF	90.0	77.0	OFF	70.0
19-04-30 19:15:08	72.5	80.0	65.0	OFF	73.1	68.7	69.8	85.0	35.0	OFF	77.6	65.1	644	PERFECT	665	640	10.64	1000	12.01	7.71	OFF	OFF	90.0	77.0	ON	70.0
19-04-30 19:15:28	72.6	80.0	65.0	OFF	73.1	68.7	70.2	85.0	35.0	OFF	77.6	65.1	642	PERFECT	665	640	10.84	1000	12.01	7.71	OFF	OFF	90.0	77.0	ON	70.0
19-04-30 19:15:47	72.6	80.0	65.0	OFF	73.1	68.7	70.5	85.0	35.0	OFF	77.6	65.1	644	PERFECT	665	640	10.84	1000	12.01	7.71	OFF	OFF	90.0	77.0	ON	70.0
19-04-30 19:30:06	73.3	80.0	65.0	OFF	73.3	68.7	77.2	85.0	35.0	OFF	77.6	65.1	647	PERFECT	665	640	12.01	1000	12.01	7.71	OFF	OFF	90.0	77.0	OFF	70.0
19-04-30 19:30:25	73.3	80.0	65.0	OFF	73.3	68.7	77.2	85.0	35.0	OFF	77.6	65.1	647	PERFECT	665	640	12.01	1000	12.01	7.71	OFF	OFF	90.0	77.0	OFF	70.0
19-04-30 19:30:45	73.3	80.0	65.0	OFF	73.3	68.7	77.3	85.0	35.0	OFF	77.6	65.1	647	PERFECT	665	640	12.01	1000	12.01	7.71	OFF	OFF	90.0	77.0	OFF	70.0
19-04-30 19:45:05	73.6	80.0	65.0	OFF	73.7	68.7	78.8	85.0	35.0	OFF	78.8	65.1	647	PERFECT	665	640	12.3	1000	12.4	7.71	OFF	OFF	90.0	77.0	OFF	70.0
19-04-30 19:45:24	73.6	80.0	65.0	OFF	73.7	68.7	78.8	85.0	35.0	OFF	78.8	65.1	646	PERFECT	665	640	12.3	1000	12.4	7.71	OFF	OFF	90.0	77.0	OFF	70.0
19-04-30 19:45:43	73.6	80.0	65.0	OFF	73.7	68.7	78.8	85.0	35.0	OFF	78.8	65.1	647	PERFECT	665	640	12.3	1000	12.4	7.71	OFF	OFF	90.0	77.0	OFF	70.0
19-04-30 20:00:02	73.7	80.0	65.0	OFF	73.8	68.7	79.8	85.0	35.0	OFF	79.8	65.1	643	PERFECT	665	640	12.5	1000	12.79	7.71	OFF	OFF	90.0	77.0	OFF	70.0
19-04-30 20:00:21	73.8	80.0	65.0	OFF	73.8	68.7	79.8	85.0	35.0	OFF	79.8	65.1	644	PERFECT	665	640	12.4	1000	12.79	7.71	OFF	OFF	90.0	77.0	OFF	70.0
19-04-30 20:00:41	73.7	80.0	65.0	OFF	73.8	68.7	79.8	85.0	35.0	OFF	79.8	65.1	644	PERFECT	665	640	12.5	1000	12.79	7.71	OFF	OFF	90.0	77.0	OFF	70.0
19-04-30 20:15:10	73.8	80.0	65.0	OFF	73.9	73.7	80.6	85.0	35.0	OFF	80.7	79.9	644	PERFECT	648	640	12.5	1000	12.79	12.3	OFF	OFF	90.0	77.0	OFF	70.0
19-04-30 20:15:29	73.8	80.0	65.0	OFF	73.9	73.7	80.7	85.0	35.0	OFF	80.7	79.9	646	PERFECT	648	640	12.4	1000	12.79	12.3	OFF	OFF	90.0	77.0	OFF	70.0
19-04-30 20:15:48	73.8	80.0	65.0	OFF	73.9	73.7	80.7	85.0	35.0	OFF	80.7	79.9	644	PERFECT	648	640	12.6	1000	12.79	12.3	OFF	OFF	90.0	77.0	OFF	70.0
19-04-30 20:30:10	73.9	80.0	65.0	OFF	73.9	73.7	81.4	85.0	35.0	OFF	81.4	79.9	647	PERFECT	648	640	12.4	1000	12.99	12.3	OFF	OFF	90.0	77.0	OFF	70.0
19-04-30 20:30:29	74.0	80.0	65.0	OFF	74.0	73.7	81.5	85.0	35.0	OFF	81.5	79.9	646	PERFECT	648	640	12.7	1000	12.99	12.3	OFF	OFF	90.0	77.0	OFF	70.0
19-04-30 20:30:48	73.9	80.0	65.0	OFF	74.0	73.7	81.4	85.0	35.0	OFF	81.5	79.9	647	PERFECT	648	640	12.5	1000	12.99	12.3	OFF	OFF	90.0	77.0	OFF	70.0
19-04-30 20:45:08	74.0	80.0	65.0	OFF	74.1	73.7	82.0	85.0	35.0	OFF	82.0	79.9	639	PERFECT	651	639	12.7	1000	12.99	12.3	OFF	OFF	90.0	77.0	OFF	70.0
19-04-30 20:45:27	74.0	80.0	65.0	OFF	74.1	73.7	81.9	85.0	35.0	OFF	82.0	79.9	646	PERFECT	651	639	12.7	1000	12.99	12.3	OFF	OFF	90.0	77.0	OFF	70.0
19-04-30 20:45:46	74.0	80.0	65.0	OFF	74.1	73.7	82.0	85.0	35.0	OFF	82.0	79.9	643	PERFECT	651	639	12.79	1000	12.99	12.3	OFF	OFF	90.0	77.0	OFF	70.0
19-04-30 21:00:08	74.1	80.0	65.0	OFF	74.2	73.7	82.3	85.0	35.0	OFF	82.4	79.9	643	PERFECT	651	639	12.99	1000	13.18	12.3	OFF	OFF	90.0	77.0	OFF	70.0
19-04-30 21:00:27	74.1	80.0	65.0	OFF	74.2	73.7	82.3	85.0	35.0	OFF	82.4	79.9	646	PERFECT	651	639	12.89	1000	13.18	12.3	OFF	OFF	90.0	77.0	OFF	70.0
19-04-30 21:00:46	74.1	80.0	65.0	OFF	74.2	73.7	82.4	85.0	35.0	OFF	82.4	79.9	644	PERFECT	651	639	12.89	1000	13.18	12.3	OFF	OFF	90.0	77.0	OFF	70.0
19-04-30 21:15:07	74.2	80.0	65.0	OFF	74.2	73.7	82.7	85.0	35.0	OFF	82.7	79.9	641	PERFECT	651	639	13.18	1000	13.18	12.3	OFF	OFF	90.0	77.0	OFF	70.0
19-04-30 21:15:26	74.2	80.0	65.0	OFF	74.2	73.7	82.6	85.0	35.0	OFF	82.7	79.9	640	PERFECT	651	639	12.89	1000	13.18	12.3	OFF	OFF	90.0	77.0	OFF	70.0
19-04-30 21:15:45	74.2	80.0	65.0	OFF	74.2	73.7	82.7	85.0	35.0	OFF	82.7	79.9	647	PERFECT	651	639	12.99	1000	13.18	12.3	OFF	OFF	90.0	77.0	OFF	70.0
19-04-30 21:30:06	74.2	80.0	65.0	OFF	74.3	73.7	82.9	85.0	35.0	OFF	83.0	79.9	642	PERFECT	651	639	12.89	1000	13.77	12.3	OFF	OFF	90.0	77.0	OFF	70.0
19-04-30 21:30:26	74.2	80.0	65.0	OFF	74.3	73.7	83.0	85.0	35.0	OFF	83.0	79.9	644	PERFECT	651	639	12.89	1000	13.77	12.3	OFF	OFF	90.0	77.0	OFF	70.0
19-04-30 21:30:45	74.2	80.0	65.0	OFF	74.3	73.7	83.0	85.0	35.0	OFF	83.0	79.9	644	PERFECT	651	639	13.09	1000	13.77	12.3	OFF	OFF	90.0	77.0	OFF	70.0
19-04-30 21:45:05	74.3	80.0	65.0	OFF	74.3	73.7	83.4	85.0	35.0	OFF	83.4	79.9	642	PERFECT	651	639	13.09	1000	13.77	12.3	OFF	OFF	90.0	77.0	OFF	70.0
19-04-30 21:45:25	74.2	80.0	65.0	OFF	74.3	73.7	83.3	85.0	35.0	OFF	83.4	79.9	642	PERFECT	651	639	12.99	1000	13.77	12.3	OFF	OFF	90.0	77.0	OFF	70.0
19-04-30 21:45:44	74.3	80.0	65.0	OFF	74.3	73.7	83.4	85.0	35.0	OFF	83.4	79.9	641	PERFECT	651	639	12.99	1000	13.77	12.3	OFF	OFF	90.0	77.0	OFF	70.0
19-04-30 22:00:18	74.2	80.0	65.0	OFF	74.3	74.2	83.6	85.0	35.0	OFF	83.6	83.4	646	PERFECT	646	641	12.79	1000	13.09	12.79	OFF	OFF	90.0	77.0	OFF	70.0
19-04-30 22:00:37	74.2	80.0	65.0	OFF	74.3	74.2	83.6	85.0	35.0	OFF	83.6	83.4	641	PERFECT	646	641	12.79	1000	13.09	12.79	OFF	OFF	90.0	77.0	OFF	70.0
19-04-30 22:00:56	74.2	80.0	65.0	OFF	74.3	74.2	83.6	85.0	35.0	OFF	83.6	83.4	645	PERFECT	646	641	12.89	1000	13.09	12.79	OFF	OFF	90.0	77.0	OFF	70.0
19-04-30 22:15:15	74.3	80.0	65.0	OFF	74.4	74.2	83.6	85.0	35.0	OFF	83.8	83.4	642	PERFECT	646	640	12.89	1000	13.09	12.7	OFF	OFF	90.0	77.0	OFF	70.0
19-04-30 22:15:34	74.3	80.0	65.0	OFF	74.4	74.2	83.6	85.0	35.0	OFF	83.8	83.4	643	PERFECT	646	640	12.79	1000	13.09	12.7	OFF	OFF	90.0	77.0	OFF	70.0
19-04-30 22:15:53	74.4	80.0	65.0	OFF	74.4	74.2	83.7	85.0	35.0	OFF	83.8	83.4	640	PERFECT	646	640	12.99	1000	13.09	12.7	OFF	OFF	90.0	77.0	OFF	70.0
