19-04-13 00:00:15	66.6	80.0	65.0	OFF	71.0	63.4	57.9	85.0	35.0	OFF	63.6	56.0	170	DRY	186	167	9.67	1000	10.64	7.23	OFF	OFF	90.0	90.0	OFF	35.0
19-04-13 00:00:34	66.6	80.0	65.0	OFF	71.0	63.4	57.9	85.0	35.0	OFF	63.6	56.0	169	DRY	186	167	9.67	1000	10.64	7.23	OFF	OFF	90.0	90.0	OFF	35.0
19-04-13 00:00:53	66.6	80.0	65.0	OFF	71.0	63.4	57.9	85.0	35.0	OFF	63.6	56.0	170	DRY	186	167	9.67	1000	10.64	7.23	OFF	OFF	90.0	90.0	OFF	35.0
19-04-13 00:15:13	66.7	80.0	65.0	OFF	71.0	63.4	58.3	85.0	35.0	OFF	63.6	56.0	171	DRY	186	167	9.47	1000	10.64	7.23	OFF	OFF	90.0	90.0	OFF	35.0
19-04-13 00:15:33	66.7	80.0	65.0	OFF	71.0	63.4	58.3	85.0	35.0	OFF	63.6	56.0	170	DRY	186	167	9.47	1000	10.64	7.23	OFF	OFF	90.0	90.0	OFF	35.0
19-04-13 00:15:52	66.7	80.0	65.0	OFF	71.0	63.4	58.3	85.0	35.0	OFF	63.6	56.0	171	DRY	186	167	9.47	1000	10.64	7.23	OFF	OFF	90.0	90.0	OFF	35.0
19-04-13 00:30:11	66.9	80.0	65.0	OFF	71.0	63.4	58.3	85.0	35.0	OFF	63.6	56.0	169	DRY	186	167	9.47	1000	10.64	7.23	OFF	OFF	90.0	90.0	OFF	35.0
19-04-13 00:30:31	66.9	80.0	65.0	OFF	71.0	63.4	58.3	85.0	35.0	OFF	63.6	56.0	168	DRY	186	167	9.57	1000	10.64	7.23	OFF	OFF	90.0	90.0	OFF	35.0
19-04-13 00:30:50	66.9	80.0	65.0	OFF	71.0	63.4	58.3	85.0	35.0	OFF	63.6	56.0	170	DRY	186	167	9.57	1000	10.64	7.23	OFF	OFF	90.0	90.0	OFF	35.0
19-04-13 00:45:10	67.0	80.0	65.0	OFF	71.0	63.4	58.2	85.0	35.0	OFF	63.6	56.0	167	DRY	186	166	9.67	1000	10.64	7.23	OFF	OFF	90.0	90.0	OFF	35.0
19-04-13 00:45:29	67.0	80.0	65.0	OFF	71.0	63.4	58.2	85.0	35.0	OFF	63.6	56.0	168	DRY	186	166	9.67	1000	10.64	7.23	OFF	OFF	90.0	90.0	OFF	35.0
19-04-13 00:45:48	67.0	80.0	65.0	OFF	71.0	63.4	58.2	85.0	35.0	OFF	63.6	56.0	167	DRY	186	166	9.67	1000	10.64	7.23	OFF	OFF	90.0	90.0	OFF	35.0
19-04-13 01:00:08	67.0	80.0	65.0	OFF	71.0	63.4	58.1	85.0	35.0	OFF	63.6	56.0	164	DRY	186	164	9.96	1000	10.64	7.23	OFF	OFF	90.0	90.0	OFF	35.0
19-04-13 01:00:27	67.1	80.0	65.0	OFF	71.0	63.4	58.2	85.0	35.0	OFF	63.6	56.0	164	DRY	186	164	9.86	1000	10.64	7.23	OFF	OFF	90.0	90.0	OFF	35.0
19-04-13 01:00:46	67.1	80.0	65.0	OFF	71.0	63.4	58.2	85.0	35.0	OFF	63.6	56.0	165	DRY	186	164	9.96	1000	10.64	7.23	OFF	OFF	90.0	90.0	OFF	35.0
19-04-13 01:15:06	66.9	80.0	65.0	OFF	71.0	63.4	58.2	85.0	35.0	OFF	63.6	56.0	163	DRY	186	162	9.96	1000	10.64	7.23	OFF	OFF	90.0	90.0	OFF	35.0
19-04-13 01:15:25	67.0	80.0	65.0	OFF	71.0	63.4	58.2	85.0	35.0	OFF	63.6	56.0	162	DRY	186	162	9.77	1000	10.64	7.23	OFF	OFF	90.0	90.0	OFF	35.0
19-04-13 01:15:44	67.0	80.0	65.0	OFF	71.0	63.4	58.2	85.0	35.0	OFF	63.6	56.0	162	DRY	186	162	9.86	1000	10.64	7.23	OFF	OFF	90.0	90.0	OFF	35.0
19-04-13 01:30:04	66.8	80.0	65.0	OFF	71.0	63.4	58.4	85.0	35.0	OFF	63.6	56.0	163	DRY	186	161	9.77	1000	10.64	7.23	OFF	OFF	90.0	90.0	OFF	35.0
19-04-13 01:30:23	66.7	80.0	65.0	OFF	71.0	63.4	58.4	85.0	35.0	OFF	63.6	56.0	162	DRY	186	161	9.86	1000	10.64	7.23	OFF	OFF	90.0	90.0	OFF	35.0
19-04-13 01:30:42	66.7	80.0	65.0	OFF	71.0	63.4	58.4	85.0	35.0	OFF	63.6	56.0	162	DRY	186	161	9.86	1000	10.64	7.23	OFF	OFF	90.0	90.0	OFF	35.0
19-04-13 01:45:02	66.4	80.0	65.0	OFF	71.0	63.4	58.5	85.0	35.0	OFF	63.6	56.0	161	DRY	186	160	9.67	1000	10.64	7.23	OFF	OFF	90.0	90.0	OFF	35.0
19-04-13 01:45:21	66.5	80.0	65.0	OFF	71.0	63.4	58.6	85.0	35.0	OFF	63.6	56.0	161	DRY	186	160	9.86	1000	10.64	7.23	OFF	OFF	90.0	90.0	OFF	35.0
19-04-13 01:45:40	66.5	80.0	65.0	OFF	71.0	63.4	58.6	85.0	35.0	OFF	63.6	56.0	161	DRY	186	160	9.86	1000	10.64	7.23	OFF	OFF	90.0	90.0	OFF	35.0
19-04-13 01:45:59	66.5	80.0	65.0	OFF	71.0	63.4	58.6	85.0	35.0	OFF	63.6	56.0	159	DRY	186	159	9.77	1000	10.64	7.23	OFF	OFF	90.0	90.0	OFF	35.0
19-04-13 02:00:00	66.2	80.0	65.0	OFF	71.0	63.4	58.8	85.0	35.0	OFF	63.6	56.0	158	DRY	186	157	9.67	1000	10.64	7.23	OFF	OFF	90.0	90.0	OFF	35.0
19-04-13 02:00:19	66.2	80.0	65.0	OFF	71.0	63.4	58.8	85.0	35.0	OFF	63.6	56.0	158	DRY	186	157	9.67	1000	10.64	7.23	OFF	OFF	90.0	90.0	OFF	35.0
19-04-13 02:00:38	66.2	80.0	65.0	OFF	71.0	63.4	58.8	85.0	35.0	OFF	63.6	56.0	157	DRY	186	157	9.67	1000	10.64	7.23	OFF	OFF	90.0	90.0	OFF	35.0
19-04-13 02:00:57	66.2	80.0	65.0	OFF	71.0	63.4	58.8	85.0	35.0	OFF	63.6	56.0	157	DRY	186	157	9.57	1000	10.64	7.23	OFF	OFF	90.0	90.0	OFF	35.0
19-04-13 02:15:16	65.9	80.0	65.0	OFF	71.0	63.4	58.9	85.0	35.0	OFF	63.6	56.0	156	DRY	186	154	9.47	1000	10.64	7.23	OFF	OFF	90.0	90.0	OFF	35.0
19-04-13 02:15:35	65.9	80.0	65.0	OFF	71.0	63.4	58.9	85.0	35.0	OFF	63.6	56.0	155	DRY	186	154	9.67	1000	10.64	7.23	OFF	OFF	90.0	90.0	OFF	35.0
19-04-13 02:15:55	65.9	80.0	65.0	OFF	71.0	63.4	58.9	85.0	35.0	OFF	63.6	56.0	154	DRY	186	154	9.47	1000	10.64	7.23	OFF	OFF	90.0	90.0	OFF	35.0
19-04-13 02:30:15	65.7	80.0	65.0	OFF	71.0	63.4	59.0	85.0	35.0	OFF	63.6	56.0	151	DRY	186	149	9.47	1000	10.64	7.23	OFF	OFF	90.0	90.0	OFF	35.0
19-04-13 02:30:34	65.6	80.0	65.0	OFF	71.0	63.4	58.9	85.0	35.0	OFF	63.6	56.0	151	DRY	186	149	9.47	1000	10.64	7.23	OFF	OFF	90.0	90.0	OFF	35.0
19-04-13 02:30:53	65.6	80.0	65.0	OFF	71.0	63.4	59.0	85.0	35.0	OFF	63.6	56.0	151	DRY	186	149	9.38	1000	10.64	7.23	OFF	OFF	90.0	90.0	OFF	35.0
19-04-13 02:45:12	65.4	80.0	65.0	OFF	71.0	63.4	59.0	85.0	35.0	OFF	63.6	56.0	150	DRY	186	148	9.28	1000	10.64	7.23	OFF	OFF	90.0	90.0	OFF	35.0
19-04-13 02:45:32	65.4	80.0	65.0	OFF	71.0	63.4	59.0	85.0	35.0	OFF	63.6	56.0	150	DRY	186	148	9.28	1000	10.64	7.23	OFF	OFF	90.0	90.0	OFF	35.0
19-04-13 02:45:51	65.4	80.0	65.0	OFF	71.0	63.4	59.0	85.0	35.0	OFF	63.6	56.0	150	DRY	186	148	9.28	1000	10.64	7.23	OFF	OFF	90.0	90.0	OFF	35.0
19-04-13 03:00:10	65.2	80.0	65.0	OFF	71.0	63.4	59.0	85.0	35.0	OFF	63.6	56.0	147	DRY	186	147	9.18	1000	10.64	7.23	OFF	OFF	90.0	90.0	OFF	35.0
19-04-13 03:00:29	65.1	80.0	65.0	OFF	71.0	63.4	59.0	85.0	35.0	OFF	63.6	56.0	148	DRY	186	147	9.18	1000	10.64	7.23	OFF	OFF	90.0	90.0	OFF	35.0
19-04-13 03:00:49	65.1	80.0	65.0	OFF	71.0	63.4	59.0	85.0	35.0	OFF	63.6	56.0	148	DRY	186	147	9.08	1000	10.64	7.23	OFF	OFF	90.0	90.0	OFF	35.0
19-04-13 03:15:08	64.9	80.0	65.0	ON	71.0	63.4	59.0	85.0	35.0	OFF	63.6	56.0	145	DRY	186	145	9.08	1000	10.64	7.23	OFF	OFF	90.0	90.0	OFF	35.0
19-04-13 03:15:27	64.8	80.0	65.0	ON	71.0	63.4	59.0	85.0	35.0	OFF	63.6	56.0	146	DRY	186	145	9.18	1000	10.64	7.23	OFF	OFF	90.0	90.0	OFF	35.0
19-04-13 03:15:46	64.8	80.0	65.0	ON	71.0	63.4	59.0	85.0	35.0	OFF	63.6	56.0	146	DRY	186	145	9.08	1000	10.64	7.23	OFF	OFF	90.0	90.0	OFF	35.0
19-04-13 03:30:06	64.7	80.0	65.0	ON	71.0	63.4	59.0	85.0	35.0	OFF	63.6	56.0	145	DRY	186	143	8.98	1000	10.64	7.23	OFF	OFF	90.0	90.0	OFF	35.0
19-04-13 03:30:25	64.6	80.0	65.0	ON	71.0	63.4	58.9	85.0	35.0	OFF	63.6	56.0	143	DRY	186	143	8.89	1000	10.64	7.23	OFF	OFF	90.0	90.0	OFF	35.0
19-04-13 03:30:44	64.7	80.0	65.0	ON	71.0	63.4	59.0	85.0	35.0	OFF	63.6	56.0	145	DRY	186	143	9.08	1000	10.64	7.23	OFF	OFF	90.0	90.0	OFF	35.0
19-04-13 03:45:04	64.4	80.0	65.0	ON	71.0	63.4	58.9	85.0	35.0	OFF	63.6	56.0	141	DRY	186	141	8.89	1000	10.64	7.23	OFF	OFF	90.0	90.0	OFF	35.0
19-04-13 03:45:23	64.5	80.0	65.0	ON	71.0	63.4	58.9	85.0	35.0	OFF	63.6	56.0	141	DRY	186	141	8.89	1000	10.64	7.23	OFF	OFF	90.0	90.0	OFF	35.0
19-04-13 03:45:42	64.4	80.0	65.0	ON	71.0	63.4	58.9	85.0	35.0	OFF	63.6	56.0	142	DRY	186	141	8.89	1000	10.64	7.23	OFF	OFF	90.0	90.0	OFF	35.0
19-04-13 04:00:01	64.2	80.0	65.0	ON	71.0	63.4	58.8	85.0	35.0	OFF	63.6	56.0	141	DRY	186	138	8.79	1000	10.64	7.23	OFF	OFF	90.0	90.0	OFF	35.0
19-04-13 04:00:21	64.2	80.0	65.0	ON	71.0	63.4	58.8	85.0	35.0	OFF	63.6	56.0	141	DRY	186	138	8.89	1000	10.64	7.23	OFF	OFF	90.0	90.0	OFF	35.0
19-04-13 04:00:40	64.2	80.0	65.0	ON	71.0	63.4	58.8	85.0	35.0	OFF	63.6	56.0	140	DRY	186	138	8.79	1000	10.64	7.23	OFF	OFF	90.0	90.0	OFF	35.0
19-04-13 04:00:59	64.3	80.0	65.0	ON	71.0	63.4	58.9	85.0	35.0	OFF	63.6	56.0	139	DRY	186	138	8.89	1000	10.64	7.23	OFF	OFF	90.0	90.0	OFF	35.0
19-04-13 04:15:18	64.0	80.0	65.0	ON	71.0	63.4	58.8	85.0	35.0	OFF	63.6	56.0	139	DRY	186	136	8.69	1000	10.64	7.23	OFF	OFF	90.0	90.0	OFF	35.0
19-04-13 04:15:37	64.0	80.0	65.0	ON	71.0	63.4	58.8	85.0	35.0	OFF	63.6	56.0	138	DRY	186	136	8.5	1000	10.64	7.23	OFF	OFF	90.0	90.0	OFF	35.0
19-04-13 04:15:56	64.0	80.0	65.0	ON	71.0	63.4	58.8	85.0	35.0	OFF	63.6	56.0	137	DRY	186	136	8.59	1000	10.64	7.23	OFF	OFF	90.0	90.0	OFF	35.0
19-04-13 04:30:16	63.9	80.0	65.0	ON	71.0	63.4	58.8	85.0	35.0	OFF	63.6	56.0	135	DRY	186	135	8.69	1000	10.64	7.23	OFF	OFF	90.0	90.0	OFF	35.0
19-04-13 04:30:35	63.8	80.0	65.0	ON	71.0	63.4	58.7	85.0	35.0	OFF	63.6	56.0	135	DRY	186	135	8.5	1000	10.64	7.23	OFF	OFF	90.0	90.0	OFF	35.0
19-04-13 04:30:54	63.8	80.0	65.0	ON	71.0	63.4	58.7	85.0	35.0	OFF	63.6	56.0	135	DRY	186	135	8.5	1000	10.64	7.23	OFF	OFF	90.0	90.0	OFF	35.0
19-04-13 04:45:14	63.7	80.0	65.0	ON	71.0	63.4	58.7	85.0	35.0	OFF	63.6	56.0	133	DRY	186	132	8.5	1000	10.64	7.23	OFF	OFF	90.0	90.0	OFF	35.0
19-04-13 04:45:33	63.6	80.0	65.0	ON	71.0	63.4	58.7	85.0	35.0	OFF	63.6	56.0	133	DRY	186	132	8.5	1000	10.64	7.23	OFF	OFF	90.0	90.0	OFF	35.0
19-04-13 04:45:52	63.7	80.0	65.0	ON	71.0	63.4	58.7	85.0	35.0	OFF	63.6	56.0	134	DRY	186	132	8.5	1000	10.64	7.23	OFF	OFF	90.0	90.0	OFF	35.0
19-04-13 05:00:12	63.5	80.0	65.0	ON	71.0	63.4	58.7	85.0	35.0	OFF	63.6	56.0	131	DRY	186	131	8.3	1000	10.64	7.23	OFF	OFF	90.0	90.0	OFF	35.0
19-04-13 05:00:31	63.5	80.0	65.0	ON	71.0	63.4	58.7	85.0	35.0	OFF	63.6	56.0	131	DRY	186	131	8.4	1000	10.64	7.23	OFF	OFF	90.0	90.0	OFF	35.0
19-04-13 05:00:50	63.5	80.0	65.0	ON	71.0	63.4	58.7	85.0	35.0	OFF	63.6	56.0	132	DRY	186	131	8.3	1000	10.64	7.23	OFF	OFF	90.0	90.0	OFF	35.0
19-04-13 05:15:10	63.3	80.0	65.0	ON	71.0	63.2	58.6	85.0	35.0	OFF	63.6	56.0	131	DRY	186	129	8.2	1000	10.64	7.23	OFF	OFF	90.0	90.0	OFF	35.0
19-04-13 05:15:29	63.3	80.0	65.0	ON	71.0	63.2	58.6	85.0	35.0	OFF	63.6	56.0	129	DRY	186	129	8.3	1000	10.64	7.23	OFF	OFF	90.0	90.0	OFF	35.0
19-04-13 05:15:48	63.3	80.0	65.0	ON	71.0	63.2	58.6	85.0	35.0	OFF	63.6	56.0	129	DRY	186	129	8.3	1000	10.64	7.23	OFF	OFF	90.0	90.0	OFF	35.0
19-04-13 05:30:08	63.0	80.0	65.0	ON	71.0	63.0	58.5	85.0	35.0	OFF	63.6	56.0	127	DRY	186	127	8.11	1000	10.64	7.23	OFF	OFF	90.0	90.0	OFF	35.0
19-04-13 05:30:27	63.1	80.0	65.0	ON	71.0	63.0	58.6	85.0	35.0	OFF	63.6	56.0	127	DRY	186	127	8.11	1000	10.64	7.23	OFF	OFF	90.0	90.0	OFF	35.0
19-04-13 05:30:46	63.1	80.0	65.0	ON	71.0	63.0	58.6	85.0	35.0	OFF	63.6	56.0	128	DRY	186	127	8.2	1000	10.64	7.23	OFF	OFF	90.0	90.0	OFF	35.0
19-04-13 05:45:06	62.9	80.0	65.0	ON	71.0	62.9	58.5	85.0	35.0	OFF	63.6	56.0	127	DRY	186	125	8.11	1000	10.64	7.23	OFF	OFF	90.0	90.0	OFF	35.0
19-04-13 05:45:25	62.9	80.0	65.0	ON	71.0	62.9	58.5	85.0	35.0	OFF	63.6	56.0	127	DRY	186	125	8.11	1000	10.64	7.23	OFF	OFF	90.0	90.0	OFF	35.0
19-04-13 05:45:44	62.9	80.0	65.0	ON	71.0	62.9	58.5	85.0	35.0	OFF	63.6	56.0	127	DRY	186	125	8.11	1000	10.64	7.23	OFF	OFF	90.0	90.0	OFF	35.0
19-04-13 06:00:04	62.7	80.0	65.0	ON	71.0	62.7	58.4	85.0	35.0	OFF	63.6	56.0	125	DRY	186	124	8.11	1000	10.64	7.23	OFF	OFF	90.0	90.0	OFF	35.0
19-04-13 06:00:23	62.7	80.0	65.0	ON	71.0	62.7	58.4	85.0	35.0	OFF	63.6	56.0	125	DRY	186	124	8.11	1000	10.64	7.23	OFF	OFF	90.0	90.0	OFF	35.0
19-04-13 06:00:42	62.7	80.0	65.0	ON	71.0	62.7	58.4	85.0	35.0	OFF	63.6	56.0	124	DRY	186	124	8.01	1000	10.64	7.23	OFF	OFF	90.0	90.0	OFF	35.0
19-04-13 06:15:02	62.5	80.0	65.0	ON	71.0	62.5	58.4	85.0	35.0	OFF	63.6	56.0	123	DRY	186	123	8.01	1000	10.64	7.23	OFF	OFF	90.0	90.0	OFF	35.0
19-04-13 06:15:21	62.5	80.0	65.0	ON	71.0	62.5	58.4	85.0	35.0	OFF	63.6	56.0	123	DRY	186	123	7.91	1000	10.64	7.23	OFF	OFF	90.0	90.0	OFF	35.0
19-04-13 06:15:40	62.5	80.0	65.0	ON	71.0	62.5	58.4	85.0	35.0	OFF	63.6	56.0	123	DRY	186	123	7.91	1000	10.64	7.23	OFF	OFF	90.0	90.0	OFF	35.0
19-04-13 06:15:59	62.6	80.0	65.0	ON	71.0	62.5	58.4	85.0	35.0	OFF	63.6	56.0	125	DRY	186	123	7.91	1000	10.64	7.23	OFF	OFF	90.0	90.0	OFF	35.0
19-04-13 06:30:00	62.4	80.0	65.0	ON	71.0	62.4	58.4	85.0	35.0	OFF	63.6	56.0	123	DRY	186	121	7.81	1000	10.64	7.23	OFF	OFF	90.0	90.0	OFF	35.0
19-04-13 06:30:19	62.4	80.0	65.0	ON	71.0	62.4	58.4	85.0	35.0	OFF	63.6	56.0	122	DRY	186	121	7.91	1000	10.64	7.23	OFF	OFF	90.0	90.0	OFF	35.0
19-04-13 06:30:38	62.4	80.0	65.0	ON	71.0	62.4	58.4	85.0	35.0	OFF	63.6	56.0	122	DRY	186	121	7.81	1000	10.64	7.23	OFF	OFF	90.0	90.0	OFF	35.0
19-04-13 06:30:57	62.4	80.0	65.0	ON	71.0	62.4	58.3	85.0	35.0	OFF	63.6	56.0	120	DRY	186	120	7.91	1000	10.64	7.23	OFF	OFF	90.0	90.0	OFF	35.0
19-04-13 06:45:17	62.2	80.0	65.0	ON	71.0	62.2	58.3	85.0	35.0	OFF	63.6	56.0	121	DRY	186	119	7.71	1000	10.64	7.23	OFF	OFF	90.0	90.0	OFF	35.0
19-04-13 06:45:36	62.2	80.0	65.0	ON	71.0	62.2	58.3	85.0	35.0	OFF	63.6	56.0	121	DRY	186	119	7.81	1000	10.64	7.23	OFF	OFF	90.0	90.0	OFF	35.0
19-04-13 06:45:55	62.2	80.0	65.0	ON	71.0	62.2	58.3	85.0	35.0	OFF	63.6	56.0	121	DRY	186	119	7.71	1000	10.64	7.23	OFF	OFF	90.0	90.0	OFF	35.0
19-04-13 07:00:15	62.1	80.0	65.0	ON	71.0	62.0	58.3	85.0	35.0	OFF	63.6	56.0	118	DRY	186	118	7.71	1000	10.64	7.23	OFF	OFF	90.0	90.0	OFF	35.0
19-04-13 07:00:34	62.1	80.0	65.0	ON	71.0	62.0	58.3	85.0	35.0	OFF	63.6	56.0	121	DRY	186	118	7.71	1000	10.64	7.23	OFF	OFF	90.0	90.0	OFF	35.0
19-04-13 07:00:53	62.1	80.0	65.0	ON	71.0	62.0	58.3	85.0	35.0	OFF	63.6	56.0	121	DRY	186	118	7.52	1000	10.64	7.23	OFF	OFF	90.0	90.0	OFF	35.0
19-04-13 07:15:12	61.9	80.0	65.0	ON	71.0	61.9	58.3	85.0	35.0	OFF	63.6	56.0	119	DRY	186	118	7.42	1000	10.64	7.23	OFF	OFF	90.0	90.0	OFF	35.0
19-04-13 07:15:32	61.9	80.0	65.0	ON	71.0	61.9	58.3	85.0	35.0	OFF	63.6	56.0	119	DRY	186	118	7.52	1000	10.64	7.23	OFF	OFF	90.0	90.0	OFF	35.0
19-04-13 07:15:51	61.9	80.0	65.0	ON	71.0	61.9	58.3	85.0	35.0	OFF	63.6	56.0	119	DRY	186	118	7.62	1000	10.64	7.23	OFF	OFF	90.0	90.0	OFF	35.0
19-04-13 07:30:10	61.7	80.0	65.0	ON	71.0	61.7	58.3	85.0	35.0	OFF	63.6	56.0	118	DRY	186	117	7.42	1000	10.64	7.23	OFF	OFF	90.0	90.0	OFF	35.0
19-04-13 07:30:29	61.7	80.0	65.0	ON	71.0	61.7	58.3	85.0	35.0	OFF	63.6	56.0	118	DRY	186	117	7.42	1000	10.64	7.23	OFF	OFF	90.0	90.0	OFF	35.0
19-04-13 07:30:49	61.7	80.0	65.0	ON	71.0	61.7	58.3	85.0	35.0	OFF	63.6	56.0	117	DRY	186	117	7.42	1000	10.64	7.23	OFF	OFF	90.0	90.0	OFF	35.0
19-04-13 07:45:08	61.6	80.0	65.0	ON	71.0	61.6	58.3	85.0	35.0	OFF	63.6	56.0	115	DRY	186	115	7.42	1000	10.64	7.23	OFF	OFF	90.0	90.0	OFF	35.0
19-04-13 07:45:28	61.6	80.0	65.0	ON	71.0	61.6	58.3	85.0	35.0	OFF	63.6	56.0	117	DRY	186	115	7.52	1000	10.64	7.23	OFF	OFF	90.0	90.0	OFF	35.0
19-04-13 07:45:47	61.5	80.0	65.0	ON	71.0	61.5	58.3	85.0	35.0	OFF	63.6	56.0	117	DRY	186	115	7.52	1000	10.64	7.23	OFF	OFF	90.0	90.0	OFF	35.0
19-04-13 08:00:06	61.4	80.0	65.0	ON	71.0	61.4	58.3	85.0	35.0	OFF	63.6	56.0	116	DRY	186	113	7.32	1000	10.64	7.13	OFF	OFF	90.0	90.0	OFF	35.0
19-04-13 08:00:25	61.4	80.0	65.0	ON	71.0	61.4	58.3	85.0	35.0	OFF	63.6	56.0	117	DRY	186	113	7.32	1000	10.64	7.13	OFF	OFF	90.0	90.0	OFF	35.0
19-04-13 08:00:45	61.4	80.0	65.0	ON	71.0	61.4	58.3	85.0	35.0	OFF	63.6	56.0	116	DRY	186	113	7.32	1000	10.64	7.13	OFF	OFF	90.0	90.0	OFF	35.0
19-04-13 08:15:04	61.3	80.0	65.0	ON	71.0	61.3	58.3	85.0	35.0	OFF	63.6	56.0	114	DRY	186	113	7.32	1000	10.64	7.13	OFF	OFF	90.0	90.0	OFF	35.0
19-04-13 08:15:23	61.3	80.0	65.0	ON	71.0	61.3	58.3	85.0	35.0	OFF	63.6	56.0	115	DRY	186	113	7.42	1000	10.64	7.13	OFF	OFF	90.0	90.0	OFF	35.0
19-04-13 08:15:42	61.3	80.0	65.0	ON	71.0	61.3	58.3	85.0	35.0	OFF	63.6	56.0	113	DRY	186	113	7.32	1000	10.64	7.13	OFF	OFF	90.0	90.0	OFF	35.0
19-04-13 08:30:02	61.1	80.0	65.0	ON	71.0	61.1	58.2	85.0	35.0	OFF	63.6	56.0	113	DRY	186	112	7.32	1000	10.64	7.13	OFF	OFF	90.0	90.0	OFF	35.0
19-04-13 08:30:21	61.2	80.0	65.0	ON	71.0	61.1	58.3	85.0	35.0	OFF	63.6	56.0	113	DRY	186	112	7.32	1000	10.64	7.13	OFF	OFF	90.0	90.0	OFF	35.0
19-04-13 08:30:40	61.1	80.0	65.0	ON	71.0	61.1	58.2	85.0	35.0	OFF	63.6	56.0	113	DRY	186	112	7.32	1000	10.64	7.13	OFF	OFF	90.0	90.0	OFF	35.0
19-04-13 08:30:59	61.2	80.0	65.0	ON	71.0	61.1	58.3	85.0	35.0	OFF	63.6	56.0	113	DRY	186	112	7.32	1000	10.64	7.13	OFF	OFF	90.0	90.0	OFF	35.0
19-04-13 08:45:00	61.0	80.0	65.0	ON	71.0	61.0	58.2	85.0	35.0	OFF	63.6	56.0	111	DRY	186	111	7.23	1000	10.64	7.13	OFF	OFF	90.0	90.0	OFF	35.0
19-04-13 08:45:19	61.1	80.0	65.0	ON	71.0	61.0	58.3	85.0	35.0	OFF	63.6	56.0	111	DRY	186	111	7.23	1000	10.64	7.13	OFF	OFF	90.0	90.0	OFF	35.0
19-04-13 08:45:38	61.0	80.0	65.0	ON	71.0	61.0	58.2	85.0	35.0	OFF	63.6	56.0	111	DRY	186	111	7.23	1000	10.64	7.13	OFF	OFF	90.0	90.0	OFF	35.0
19-04-13 08:45:57	61.1	80.0	65.0	ON	71.0	61.0	58.3	85.0	35.0	OFF	63.6	56.0	113	DRY	186	111	7.32	1000	10.64	7.13	OFF	OFF	90.0	90.0	OFF	35.0
19-04-13 09:00:17	60.9	80.0	65.0	ON	71.0	60.9	58.2	85.0	35.0	OFF	63.6	56.0	110	DRY	186	109	7.13	1000	10.64	7.03	OFF	OFF	90.0	90.0	OFF	35.0
19-04-13 09:00:36	60.9	80.0	65.0	ON	71.0	60.9	58.2	85.0	35.0	OFF	63.6	56.0	111	DRY	186	109	7.23	1000	10.64	7.03	OFF	OFF	90.0	90.0	OFF	35.0
19-04-13 09:00:55	60.9	80.0	65.0	ON	71.0	60.9	58.2	85.0	35.0	OFF	63.6	56.0	110	DRY	186	109	7.32	1000	10.64	7.03	OFF	OFF	90.0	90.0	OFF	35.0
19-04-13 09:15:15	60.8	80.0	65.0	ON	71.0	60.8	58.2	85.0	35.0	OFF	63.6	56.0	109	DRY	186	108	7.03	1000	10.64	7.03	OFF	OFF	90.0	90.0	OFF	35.0
19-04-13 09:15:34	60.8	80.0	65.0	ON	71.0	60.8	58.2	85.0	35.0	OFF	63.6	56.0	109	DRY	186	108	7.13	1000	10.64	7.03	OFF	OFF	90.0	90.0	OFF	35.0
19-04-13 09:15:53	60.8	80.0	65.0	ON	71.0	60.8	58.2	85.0	35.0	OFF	63.6	56.0	109	DRY	186	108	7.03	1000	10.64	7.03	OFF	OFF	90.0	90.0	OFF	35.0
19-04-13 09:30:13	60.6	80.0	65.0	ON	71.0	60.6	58.2	85.0	35.0	OFF	63.6	56.0	108	DRY	186	107	7.03	1000	10.64	7.03	OFF	OFF	90.0	90.0	OFF	35.0
19-04-13 09:30:32	60.6	80.0	65.0	ON	71.0	60.6	58.2	85.0	35.0	OFF	63.6	56.0	107	DRY	186	107	7.03	1000	10.64	7.03	OFF	OFF	90.0	90.0	OFF	35.0
19-04-13 09:30:51	60.6	80.0	65.0	ON	71.0	60.6	58.2	85.0	35.0	OFF	63.6	56.0	109	DRY	186	107	7.13	1000	10.64	7.03	OFF	OFF	90.0	90.0	OFF	35.0
19-04-13 09:45:11	60.5	80.0	65.0	ON	71.0	60.5	58.2	85.0	35.0	OFF	63.6	56.0	109	DRY	186	106	7.03	1000	10.64	6.93	OFF	OFF	90.0	90.0	OFF	35.0
19-04-13 09:45:30	60.5	80.0	65.0	ON	71.0	60.5	58.2	85.0	35.0	OFF	63.6	56.0	106	DRY	186	106	7.03	1000	10.64	6.93	OFF	OFF	90.0	90.0	OFF	35.0
19-04-13 09:45:49	60.5	80.0	65.0	ON	71.0	60.5	58.2	85.0	35.0	OFF	63.6	56.0	107	DRY	186	106	6.93	1000	10.64	6.93	OFF	OFF	90.0	90.0	OFF	35.0
19-04-13 10:00:09	60.4	80.0	65.0	ON	71.0	60.4	58.2	85.0	35.0	OFF	63.6	56.0	107	DRY	186	104	7.13	1000	10.64	6.84	OFF	OFF	90.0	90.0	OFF	35.0
19-04-13 10:00:28	60.4	80.0	65.0	ON	71.0	60.4	58.2	85.0	35.0	OFF	63.6	56.0	105	DRY	186	104	6.93	1000	10.64	6.84	OFF	OFF	90.0	90.0	OFF	35.0
19-04-13 10:00:47	60.4	80.0	65.0	ON	71.0	60.4	58.2	85.0	35.0	OFF	63.6	56.0	106	DRY	186	104	7.03	1000	10.64	6.84	OFF	OFF	90.0	90.0	OFF	35.0
19-04-13 10:15:07	60.2	80.0	65.0	ON	71.0	60.2	58.2	85.0	35.0	OFF	63.6	56.0	104	DRY	186	104	6.93	1000	10.64	6.84	OFF	OFF	90.0	90.0	OFF	35.0
19-04-13 10:15:26	60.2	80.0	65.0	ON	71.0	60.2	58.2	85.0	35.0	OFF	63.6	56.0	105	DRY	186	104	6.93	1000	10.64	6.84	OFF	OFF	90.0	90.0	OFF	35.0
19-04-13 10:15:45	60.3	80.0	65.0	ON	71.0	60.2	58.2	85.0	35.0	OFF	63.6	56.0	104	DRY	186	104	7.13	1000	10.64	6.84	OFF	OFF	90.0	90.0	OFF	35.0
19-04-13 10:30:05	60.2	80.0	65.0	ON	71.0	60.1	58.2	85.0	35.0	OFF	63.6	56.0	103	DRY	186	102	6.93	1000	10.64	6.74	OFF	OFF	90.0	90.0	OFF	35.0
19-04-13 10:30:24	60.2	80.0	65.0	ON	71.0	60.1	58.2	85.0	35.0	OFF	63.6	56.0	103	DRY	186	102	6.93	1000	10.64	6.74	OFF	OFF	90.0	90.0	OFF	35.0
19-04-13 10:30:43	60.1	80.0	65.0	ON	71.0	60.1	58.1	85.0	35.0	OFF	63.6	56.0	103	DRY	186	102	6.84	1000	10.64	6.74	OFF	OFF	90.0	90.0	OFF	35.0
19-04-13 10:45:03	60.1	80.0	65.0	ON	71.0	60.1	58.0	85.0	35.0	OFF	63.6	56.0	102	DRY	186	101	6.93	1000	10.64	6.74	OFF	OFF	90.0	90.0	OFF	35.0
19-04-13 10:45:22	60.1	80.0	65.0	ON	71.0	60.1	58.1	85.0	35.0	OFF	63.6	56.0	103	DRY	186	101	6.93	1000	10.64	6.74	OFF	OFF	90.0	90.0	OFF	35.0
19-04-13 10:45:41	60.1	80.0	65.0	ON	71.0	60.1	58.1	85.0	35.0	OFF	63.6	56.0	102	DRY	186	101	6.84	1000	10.64	6.74	OFF	OFF	90.0	90.0	OFF	35.0
19-04-13 11:00:01	60.1	80.0	65.0	ON	71.0	60.0	57.9	85.0	35.0	OFF	63.6	56.0	101	DRY	186	101	6.74	1000	10.64	6.74	OFF	OFF	90.0	90.0	OFF	35.0
19-04-13 11:00:20	60.1	80.0	65.0	ON	71.0	60.0	57.9	85.0	35.0	OFF	63.6	56.0	103	DRY	186	101	6.74	1000	10.64	6.74	OFF	OFF	90.0	90.0	OFF	35.0
19-04-13 11:00:39	60.1	80.0	65.0	ON	71.0	60.0	57.9	85.0	35.0	OFF	63.6	56.0	102	DRY	186	101	6.93	1000	10.64	6.74	OFF	OFF	90.0	90.0	OFF	35.0
19-04-13 11:00:58	60.0	80.0	65.0	ON	71.0	60.0	57.9	85.0	35.0	OFF	63.6	56.0	101	DRY	186	101	6.93	1000	10.64	6.74	OFF	OFF	90.0	90.0	OFF	35.0
19-04-13 11:15:18	60.0	80.0	65.0	ON	71.0	60.0	57.8	85.0	35.0	OFF	63.6	56.0	102	DRY	186	99	6.84	1000	10.64	6.64	OFF	OFF	90.0	90.0	OFF	35.0
19-04-13 11:15:37	60.0	80.0	65.0	ON	71.0	60.0	57.8	85.0	35.0	OFF	63.6	56.0	100	DRY	186	99	7.32	1000	10.64	6.64	OFF	OFF	90.0	90.0	OFF	35.0
19-04-13 11:15:56	60.0	80.0	65.0	ON	71.0	60.0	57.8	85.0	35.0	OFF	63.6	56.0	99	DRY	186	99	6.93	1000	10.64	6.64	OFF	OFF	90.0	90.0	OFF	35.0
19-04-13 11:30:16	60.0	80.0	65.0	ON	71.0	60.0	57.7	85.0	35.0	OFF	63.6	56.0	100	DRY	186	99	6.93	1000	10.64	6.64	OFF	OFF	90.0	90.0	OFF	35.0
19-04-13 11:30:35	60.0	80.0	65.0	ON	71.0	60.0	57.7	85.0	35.0	OFF	63.6	56.0	98	DRY	186	98	6.74	1000	10.64	6.64	OFF	OFF	90.0	90.0	OFF	35.0
19-04-13 11:30:54	60.0	80.0	65.0	ON	71.0	60.0	57.7	85.0	35.0	OFF	63.6	56.0	100	DRY	186	98	6.93	1000	10.64	6.64	OFF	OFF	90.0	90.0	OFF	35.0
19-04-13 11:45:14	60.0	80.0	65.0	ON	71.0	59.9	57.6	85.0	35.0	OFF	63.6	56.0	99	DRY	186	98	6.93	1000	10.64	6.64	OFF	OFF	90.0	90.0	OFF	35.0
19-04-13 11:45:33	60.0	80.0	65.0	ON	71.0	59.9	57.6	85.0	35.0	OFF	63.6	56.0	99	DRY	186	98	6.84	1000	10.64	6.64	OFF	OFF	90.0	90.0	OFF	35.0
19-04-13 11:45:52	60.0	80.0	65.0	ON	71.0	59.9	57.6	85.0	35.0	OFF	63.6	56.0	99	DRY	186	98	6.93	1000	10.64	6.64	OFF	OFF	90.0	90.0	OFF	35.0
19-04-13 12:00:11	59.9	80.0	65.0	ON	71.0	59.9	57.5	85.0	35.0	OFF	63.6	56.0	98	DRY	186	98	6.84	1000	10.64	6.64	OFF	OFF	90.0	90.0	OFF	35.0
19-04-13 12:00:31	60.0	80.0	65.0	ON	71.0	59.9	57.6	85.0	35.0	OFF	63.6	56.0	99	DRY	186	98	6.84	1000	10.64	6.64	OFF	OFF	90.0	90.0	OFF	35.0
19-04-13 12:00:50	59.9	80.0	65.0	ON	71.0	59.9	57.5	85.0	35.0	OFF	63.6	56.0	97	DRY	186	97	6.84	1000	10.64	6.64	OFF	OFF	90.0	90.0	OFF	35.0
19-04-13 12:15:09	60.0	80.0	65.0	ON	71.0	59.9	57.5	85.0	35.0	OFF	63.6	56.0	98	DRY	186	97	6.84	1000	10.64	6.64	OFF	OFF	90.0	90.0	OFF	35.0
19-04-13 12:15:29	60.0	80.0	65.0	ON	71.0	59.9	57.5	85.0	35.0	OFF	63.6	56.0	99	DRY	186	97	6.93	1000	10.64	6.64	OFF	OFF	90.0	90.0	OFF	35.0
19-04-13 12:15:48	60.0	80.0	65.0	ON	71.0	59.9	57.5	85.0	35.0	OFF	63.6	56.0	99	DRY	186	97	6.84	1000	10.64	6.64	OFF	OFF	90.0	90.0	OFF	35.0
19-04-13 12:30:07	60.0	80.0	65.0	ON	71.0	59.9	57.4	85.0	35.0	OFF	63.6	56.0	97	DRY	186	88	6.93	1000	10.64	6.64	OFF	OFF	90.0	90.0	OFF	35.0
19-04-13 12:30:26	60.0	80.0	65.0	ON	71.0	59.9	57.4	85.0	35.0	OFF	63.6	56.0	97	DRY	186	88	6.84	1000	10.64	6.64	OFF	OFF	90.0	90.0	OFF	35.0
19-04-13 12:30:46	59.9	80.0	65.0	ON	71.0	59.9	57.4	85.0	35.0	OFF	63.6	56.0	97	DRY	186	88	6.93	1000	10.64	6.64	OFF	OFF	90.0	90.0	OFF	35.0
19-04-13 12:45:05	60.0	80.0	65.0	ON	71.0	59.9	57.4	85.0	35.0	OFF	63.6	56.0	96	DRY	186	88	6.84	1000	10.64	6.64	OFF	OFF	90.0	90.0	OFF	35.0
19-04-13 12:45:24	60.0	80.0	65.0	ON	71.0	59.9	57.4	85.0	35.0	OFF	63.6	56.0	97	DRY	186	88	6.93	1000	10.64	6.64	OFF	OFF	90.0	90.0	OFF	35.0
19-04-13 12:45:43	60.0	80.0	65.0	ON	71.0	59.9	57.4	85.0	35.0	OFF	63.6	56.0	97	DRY	186	88	6.84	1000	10.64	6.64	OFF	OFF	90.0	90.0	OFF	35.0
19-04-13 13:00:03	60.0	80.0	65.0	ON	71.0	59.9	57.4	85.0	35.0	OFF	63.6	56.0	96	DRY	186	88	6.93	1000	10.64	6.64	OFF	OFF	90.0	90.0	OFF	35.0
19-04-13 13:00:22	60.0	80.0	65.0	ON	71.0	59.9	57.4	85.0	35.0	OFF	63.6	56.0	96	DRY	186	88	6.93	1000	10.64	6.64	OFF	OFF	90.0	90.0	OFF	35.0
19-04-13 13:00:41	60.0	80.0	65.0	ON	71.0	59.9	57.3	85.0	35.0	OFF	63.6	56.0	96	DRY	186	88	6.93	1000	10.64	6.64	OFF	OFF	90.0	90.0	OFF	35.0
19-04-13 13:15:01	60.0	80.0	65.0	ON	71.0	59.9	57.3	85.0	35.0	OFF	63.6	56.0	97	DRY	186	88	6.84	1000	10.64	6.64	OFF	OFF	90.0	90.0	OFF	35.0
19-04-13 13:15:20	60.0	80.0	65.0	ON	71.0	59.9	57.3	85.0	35.0	OFF	63.6	56.0	95	DRY	186	88	6.93	1000	10.64	6.64	OFF	OFF	90.0	90.0	OFF	35.0
19-04-13 13:15:39	60.0	80.0	65.0	ON	71.0	59.9	57.3	85.0	35.0	OFF	63.6	56.0	95	DRY	186	88	6.93	1000	10.64	6.64	OFF	OFF	90.0	90.0	OFF	35.0
19-04-13 13:15:58	60.0	80.0	65.0	ON	71.0	59.9	57.3	85.0	35.0	OFF	63.6	56.0	95	DRY	186	88	6.93	1000	10.64	6.64	OFF	OFF	90.0	90.0	OFF	35.0
19-04-13 13:30:18	60.0	80.0	65.0	ON	71.0	59.9	57.3	85.0	35.0	OFF	63.6	56.0	95	DRY	186	88	6.84	1000	10.64	6.64	OFF	OFF	90.0	90.0	OFF	35.0
19-04-13 13:30:37	60.0	80.0	65.0	ON	71.0	59.9	57.3	85.0	35.0	OFF	63.6	56.0	94	DRY	186	88	6.93	1000	10.64	6.64	OFF	OFF	90.0	90.0	OFF	35.0
19-04-13 13:30:56	60.0	80.0	65.0	ON	71.0	59.9	57.3	85.0	35.0	OFF	63.6	56.0	94	DRY	186	88	6.93	1000	10.64	6.64	OFF	OFF	90.0	90.0	OFF	35.0
19-04-13 13:45:16	60.1	80.0	65.0	ON	71.0	59.9	57.4	85.0	35.0	OFF	63.6	56.0	95	DRY	186	88	6.93	1000	10.64	6.64	OFF	OFF	90.0	90.0	OFF	35.0
19-04-13 13:45:35	60.1	80.0	65.0	ON	71.0	59.9	57.3	85.0	35.0	OFF	63.6	56.0	95	DRY	186	88	6.93	1000	10.64	6.64	OFF	OFF	90.0	90.0	OFF	35.0
19-04-13 13:45:54	60.1	80.0	65.0	ON	71.0	59.9	57.4	85.0	35.0	OFF	63.6	56.0	94	DRY	186	88	6.93	1000	10.64	6.64	OFF	OFF	90.0	90.0	OFF	35.0
19-04-13 14:00:14	60.1	80.0	65.0	ON	71.0	59.9	57.3	85.0	35.0	OFF	63.6	56.0	93	DRY	186	88	6.93	1000	10.64	6.64	OFF	OFF	90.0	90.0	OFF	35.0
19-04-13 14:00:33	60.1	80.0	65.0	ON	71.0	59.9	57.3	85.0	35.0	OFF	63.6	56.0	94	DRY	186	88	6.93	1000	10.64	6.64	OFF	OFF	90.0	90.0	OFF	35.0
19-04-13 14:00:52	60.2	80.0	65.0	ON	71.0	59.9	57.4	85.0	35.0	OFF	63.6	56.0	93	DRY	186	88	7.03	1000	10.64	6.64	OFF	OFF	90.0	90.0	OFF	35.0
19-04-13 14:15:11	60.1	80.0	65.0	ON	71.0	59.9	57.3	85.0	35.0	OFF	63.6	56.0	93	DRY	186	88	6.93	1000	10.64	6.64	OFF	OFF	90.0	90.0	OFF	35.0
19-04-13 14:15:30	60.1	80.0	65.0	ON	71.0	59.9	57.3	85.0	35.0	OFF	63.6	56.0	94	DRY	186	88	6.93	1000	10.64	6.64	OFF	OFF	90.0	90.0	OFF	35.0
19-04-13 14:15:50	60.2	80.0	65.0	ON	71.0	59.9	57.3	85.0	35.0	OFF	63.6	56.0	93	DRY	186	88	7.03	1000	10.64	6.64	OFF	OFF	90.0	90.0	OFF	35.0
19-04-13 14:30:09	60.2	80.0	65.0	ON	71.0	59.9	57.3	85.0	35.0	OFF	63.6	56.0	93	DRY	186	88	6.93	1000	10.64	6.64	OFF	OFF	90.0	90.0	OFF	35.0
19-04-13 14:30:28	60.2	80.0	65.0	ON	71.0	59.9	57.3	85.0	35.0	OFF	63.6	56.0	93	DRY	186	88	6.93	1000	10.64	6.64	OFF	OFF	90.0	90.0	OFF	35.0
19-04-13 14:30:47	60.2	80.0	65.0	ON	71.0	59.9	57.3	85.0	35.0	OFF	63.6	56.0	92	DRY	186	88	7.13	1000	10.64	6.64	OFF	OFF	90.0	90.0	OFF	35.0
19-04-13 14:45:07	60.3	80.0	65.0	ON	71.0	59.9	57.3	85.0	35.0	OFF	63.6	56.0	91	DRY	186	87	7.13	1000	10.64	6.64	OFF	OFF	90.0	90.0	OFF	35.0
19-04-13 14:45:26	60.3	80.0	65.0	ON	71.0	59.9	57.3	85.0	35.0	OFF	63.6	56.0	91	DRY	186	87	7.13	1000	10.64	6.64	OFF	OFF	90.0	90.0	OFF	35.0
19-04-13 14:45:45	60.2	80.0	65.0	ON	71.0	59.9	57.2	85.0	35.0	OFF	63.6	56.0	93	DRY	186	87	7.03	1000	10.64	6.64	OFF	OFF	90.0	90.0	OFF	35.0
19-04-13 15:00:05	60.3	80.0	65.0	ON	71.0	59.9	57.2	85.0	35.0	OFF	63.6	56.0	93	DRY	186	87	7.13	1000	10.64	6.64	OFF	OFF	90.0	90.0	OFF	35.0
19-04-13 15:00:24	60.3	80.0	65.0	ON	71.0	59.9	57.2	85.0	35.0	OFF	63.6	56.0	93	DRY	186	87	7.13	1000	10.64	6.64	OFF	OFF	90.0	90.0	OFF	35.0
19-04-13 15:00:43	60.3	80.0	65.0	ON	71.0	59.9	57.2	85.0	35.0	OFF	63.6	56.0	91	DRY	186	87	7.03	1000	10.64	6.64	OFF	OFF	90.0	90.0	OFF	35.0
19-04-13 15:15:02	60.4	80.0	65.0	ON	71.0	59.9	57.2	85.0	35.0	OFF	63.6	56.0	91	DRY	186	87	7.13	1000	10.64	6.64	OFF	OFF	90.0	90.0	OFF	35.0
19-04-13 15:15:22	60.4	80.0	65.0	ON	71.0	59.9	57.2	85.0	35.0	OFF	63.6	56.0	91	DRY	186	87	7.13	1000	10.64	6.64	OFF	OFF	90.0	90.0	OFF	35.0
19-04-13 15:15:41	60.4	80.0	65.0	ON	71.0	59.9	57.2	85.0	35.0	OFF	63.6	56.0	91	DRY	186	87	7.03	1000	10.64	6.64	OFF	OFF	90.0	90.0	OFF	35.0
19-04-13 15:30:01	60.5	80.0	65.0	ON	71.0	59.9	57.2	85.0	35.0	OFF	63.6	56.0	91	DRY	186	87	7.13	1000	10.64	6.64	OFF	OFF	90.0	90.0	OFF	35.0
19-04-13 15:30:20	60.5	80.0	65.0	ON	71.0	59.9	57.2	85.0	35.0	OFF	63.6	56.0	90	DRY	186	87	7.32	1000	10.64	6.64	OFF	OFF	90.0	90.0	OFF	35.0
19-04-13 15:30:39	60.5	80.0	65.0	ON	71.0	59.9	57.2	85.0	35.0	OFF	63.6	56.0	89	DRY	186	87	7.13	1000	10.64	6.64	OFF	OFF	90.0	90.0	OFF	35.0
19-04-13 15:30:58	60.5	80.0	65.0	ON	71.0	59.9	57.2	85.0	35.0	OFF	63.6	56.0	91	DRY	186	87	7.13	1000	10.64	6.64	OFF	OFF	90.0	90.0	OFF	35.0
19-04-13 15:45:18	60.5	80.0	65.0	ON	71.0	59.9	57.1	85.0	35.0	OFF	63.6	56.0	89	DRY	186	87	7.32	1000	10.64	6.64	OFF	OFF	90.0	90.0	OFF	35.0
19-04-13 15:45:37	60.5	80.0	65.0	ON	71.0	59.9	57.1	85.0	35.0	OFF	63.6	56.0	91	DRY	186	87	7.32	1000	10.64	6.64	OFF	OFF	90.0	90.0	OFF	35.0
19-04-13 15:45:56	60.6	80.0	65.0	ON	71.0	59.9	57.2	85.0	35.0	OFF	63.6	56.0	91	DRY	186	87	7.13	1000	10.64	6.64	OFF	OFF	90.0	90.0	OFF	35.0
19-04-13 16:00:15	60.6	80.0	65.0	ON	71.0	59.9	57.1	85.0	35.0	OFF	63.6	56.0	90	DRY	186	87	7.13	1000	10.64	6.64	OFF	OFF	90.0	90.0	OFF	35.0
19-04-13 16:00:34	60.6	80.0	65.0	ON	71.0	59.9	57.1	85.0	35.0	OFF	63.6	56.0	90	DRY	186	87	7.32	1000	10.64	6.64	OFF	OFF	90.0	90.0	OFF	35.0
19-04-13 16:00:54	60.6	80.0	65.0	ON	71.0	59.9	57.1	85.0	35.0	OFF	63.6	56.0	89	DRY	186	87	7.23	1000	10.64	6.64	OFF	OFF	90.0	90.0	OFF	35.0
19-04-13 16:15:13	60.7	80.0	65.0	ON	71.0	59.9	57.1	85.0	35.0	OFF	63.6	56.0	89	DRY	186	87	7.13	1000	10.64	6.64	OFF	OFF	90.0	90.0	OFF	35.0
19-04-13 16:15:32	60.7	80.0	65.0	ON	71.0	59.9	57.1	85.0	35.0	OFF	63.6	56.0	90	DRY	186	87	7.23	1000	10.64	6.64	OFF	OFF	90.0	90.0	OFF	35.0
19-04-13 16:15:51	60.7	80.0	65.0	ON	71.0	59.9	57.1	85.0	35.0	OFF	63.6	56.0	89	DRY	186	87	7.23	1000	10.64	6.64	OFF	OFF	90.0	90.0	OFF	35.0
19-04-13 16:30:11	60.7	80.0	65.0	ON	71.0	59.9	57.1	85.0	35.0	OFF	63.6	56.0	89	DRY	186	87	7.32	1000	10.64	6.64	OFF	OFF	90.0	90.0	OFF	35.0
19-04-13 16:30:30	60.8	80.0	65.0	ON	71.0	59.9	57.1	85.0	35.0	OFF	63.6	56.0	89	DRY	186	87	7.32	1000	10.64	6.64	OFF	OFF	90.0	90.0	OFF	35.0
19-04-13 16:30:49	60.8	80.0	65.0	ON	71.0	59.9	57.1	85.0	35.0	OFF	63.6	56.0	88	DRY	186	87	7.32	1000	10.64	6.64	OFF	OFF	90.0	90.0	OFF	35.0
19-04-13 16:45:09	60.8	80.0	65.0	ON	71.0	59.9	57.0	85.0	35.0	OFF	63.6	56.0	89	DRY	186	85	7.23	1000	10.64	6.64	OFF	OFF	90.0	90.0	OFF	35.0
19-04-13 16:45:28	60.8	80.0	65.0	ON	71.0	59.9	57.0	85.0	35.0	OFF	63.6	56.0	89	DRY	186	85	7.32	1000	10.64	6.64	OFF	OFF	90.0	90.0	OFF	35.0
19-04-13 16:45:47	60.8	80.0	65.0	ON	71.0	59.9	57.0	85.0	35.0	OFF	63.6	56.0	88	DRY	186	85	7.32	1000	10.64	6.64	OFF	OFF	90.0	90.0	OFF	35.0
19-04-13 17:00:06	60.9	80.0	65.0	ON	71.0	59.9	57.0	85.0	35.0	OFF	63.6	56.0	87	DRY	186	85	7.32	1000	10.64	6.64	OFF	OFF	90.0	90.0	OFF	35.0
19-04-13 17:00:25	60.9	80.0	65.0	ON	71.0	59.9	57.0	85.0	35.0	OFF	63.6	56.0	87	DRY	186	85	7.32	1000	10.64	6.64	OFF	OFF	90.0	90.0	OFF	35.0
19-04-13 17:00:45	60.9	80.0	65.0	ON	71.0	59.9	57.1	85.0	35.0	OFF	63.6	56.0	89	DRY	186	85	7.32	1000	10.64	6.64	OFF	OFF	90.0	90.0	OFF	35.0
19-04-13 17:15:04	60.9	80.0	65.0	ON	71.0	59.9	57.0	85.0	35.0	OFF	63.6	56.0	87	DRY	186	85	7.32	1000	10.64	6.64	OFF	OFF	90.0	90.0	OFF	35.0
19-04-13 17:15:23	61.0	80.0	65.0	ON	71.0	59.9	57.0	85.0	35.0	OFF	63.6	56.0	87	DRY	186	85	7.23	1000	10.64	6.64	OFF	OFF	90.0	90.0	OFF	35.0
19-04-13 17:15:42	60.9	80.0	65.0	ON	71.0	59.9	57.0	85.0	35.0	OFF	63.6	56.0	86	DRY	186	85	7.32	1000	10.64	6.64	OFF	OFF	90.0	90.0	OFF	35.0
19-04-13 17:30:02	61.0	80.0	65.0	ON	71.0	59.9	57.0	85.0	35.0	OFF	63.6	56.0	86	DRY	186	85	7.32	1000	10.64	6.64	OFF	OFF	90.0	90.0	OFF	35.0
19-04-13 17:30:21	61.0	80.0	65.0	ON	71.0	59.9	57.0	85.0	35.0	OFF	63.6	56.0	86	DRY	186	85	7.32	1000	10.64	6.64	OFF	OFF	90.0	90.0	OFF	35.0
19-04-13 17:30:40	61.0	80.0	65.0	ON	71.0	59.9	57.0	85.0	35.0	OFF	63.6	56.0	86	DRY	186	85	7.32	1000	10.64	6.64	OFF	OFF	90.0	90.0	OFF	35.0
19-04-13 17:30:59	61.0	80.0	65.0	ON	71.0	59.9	57.0	85.0	35.0	OFF	63.6	56.0	87	DRY	186	85	7.32	1000	10.64	6.64	OFF	OFF	90.0	90.0	OFF	35.0
19-04-13 17:45:00	61.1	80.0	65.0	ON	71.0	59.9	57.0	85.0	35.0	OFF	63.6	56.0	85	DRY	186	85	7.13	1000	10.64	6.64	OFF	OFF	90.0	90.0	OFF	35.0
19-04-13 17:45:19	61.2	80.0	65.0	ON	71.0	59.9	57.0	85.0	35.0	OFF	63.6	56.0	87	DRY	186	85	7.32	1000	10.64	6.64	OFF	OFF	90.0	90.0	OFF	35.0
19-04-13 17:45:38	61.1	80.0	65.0	ON	71.0	59.9	57.0	85.0	35.0	OFF	63.6	56.0	86	DRY	186	85	7.32	1000	10.64	6.64	OFF	OFF	90.0	90.0	OFF	35.0
19-04-13 17:45:57	61.1	80.0	65.0	ON	71.0	59.9	57.0	85.0	35.0	OFF	63.6	56.0	86	DRY	186	85	7.32	1000	10.64	6.64	OFF	OFF	90.0	90.0	OFF	35.0
19-04-13 18:00:17	61.3	80.0	65.0	ON	71.0	59.9	56.8	85.0	35.0	OFF	63.6	56.0	86	DRY	186	85	7.32	1000	10.64	6.64	OFF	OFF	90.0	90.0	OFF	35.0
19-04-13 18:00:36	61.4	80.0	65.0	ON	71.0	59.9	56.9	85.0	35.0	OFF	63.6	56.0	85	DRY	186	85	7.32	1000	10.64	6.64	OFF	OFF	90.0	90.0	OFF	35.0
19-04-13 18:00:55	61.4	80.0	65.0	ON	71.0	59.9	56.9	85.0	35.0	OFF	63.6	56.0	85	DRY	186	85	7.23	1000	10.64	6.64	OFF	OFF	90.0	90.0	OFF	35.0
19-04-13 18:15:15	61.6	80.0	65.0	ON	71.0	59.9	56.7	85.0	35.0	OFF	63.6	56.0	85	DRY	186	85	7.32	1000	10.64	6.64	OFF	OFF	90.0	90.0	OFF	35.0
19-04-13 18:15:34	61.6	80.0	65.0	ON	71.0	59.9	56.7	85.0	35.0	OFF	63.6	56.0	85	DRY	186	85	7.42	1000	10.64	6.64	OFF	OFF	90.0	90.0	OFF	35.0
19-04-13 18:15:53	61.7	80.0	65.0	ON	71.0	59.9	56.7	85.0	35.0	OFF	63.6	56.0	85	DRY	186	85	7.32	1000	10.64	6.64	OFF	OFF	90.0	90.0	OFF	35.0
19-04-13 18:30:13	61.9	80.0	65.0	ON	71.0	59.9	56.5	85.0	35.0	OFF	63.6	56.0	85	DRY	186	84	7.52	1000	10.64	6.64	OFF	OFF	90.0	90.0	OFF	35.0
19-04-13 18:30:32	61.9	80.0	65.0	ON	71.0	59.9	56.5	85.0	35.0	OFF	63.6	56.0	87	DRY	186	84	7.32	1000	10.64	6.64	OFF	OFF	90.0	90.0	OFF	35.0
19-04-13 18:30:51	61.9	80.0	65.0	ON	71.0	59.9	56.5	85.0	35.0	OFF	63.6	56.0	87	DRY	186	84	7.32	1000	10.64	6.64	OFF	OFF	90.0	90.0	OFF	35.0
19-04-13 18:45:10	62.1	80.0	65.0	ON	71.0	59.9	56.3	85.0	35.0	OFF	63.6	56.0	85	DRY	186	84	7.52	1000	10.64	6.64	OFF	OFF	90.0	90.0	OFF	35.0
19-04-13 18:45:30	62.1	80.0	65.0	ON	71.0	59.9	56.3	85.0	35.0	OFF	63.6	56.0	87	DRY	186	84	7.52	1000	10.64	6.64	OFF	OFF	90.0	90.0	OFF	35.0
19-04-13 18:45:49	62.1	80.0	65.0	ON	71.0	59.9	56.3	85.0	35.0	OFF	63.6	56.0	87	DRY	186	84	7.52	1000	10.64	6.64	OFF	OFF	90.0	90.0	OFF	35.0
19-04-13 19:00:08	62.3	80.0	65.0	ON	71.0	59.9	56.2	85.0	35.0	OFF	63.6	56.0	85	DRY	186	84	7.42	1000	10.64	6.64	OFF	OFF	90.0	90.0	OFF	35.0
19-04-13 19:00:27	62.3	80.0	65.0	ON	71.0	59.9	56.2	85.0	35.0	OFF	63.6	56.0	85	DRY	186	84	7.42	1000	10.64	6.64	OFF	OFF	90.0	90.0	OFF	35.0
19-04-13 19:00:46	62.3	80.0	65.0	ON	71.0	59.9	56.2	85.0	35.0	OFF	63.6	56.0	87	DRY	186	84	7.52	1000	10.64	6.64	OFF	OFF	90.0	90.0	OFF	35.0
19-04-13 19:15:06	62.7	80.0	65.0	ON	71.0	59.9	56.1	85.0	35.0	OFF	63.6	56.0	85	DRY	186	83	7.62	1000	10.64	6.64	OFF	OFF	90.0	90.0	OFF	35.0
19-04-13 19:15:25	62.7	80.0	65.0	ON	71.0	59.9	56.0	85.0	35.0	OFF	63.6	56.0	84	DRY	186	83	7.62	1000	10.64	6.64	OFF	OFF	90.0	90.0	OFF	35.0
19-04-13 19:15:44	62.8	80.0	65.0	ON	71.0	59.9	56.1	85.0	35.0	OFF	63.6	56.0	84	DRY	186	83	7.62	1000	10.64	6.64	OFF	OFF	90.0	90.0	OFF	35.0
19-04-13 19:30:04	63.2	80.0	65.0	ON	71.0	59.9	55.8	85.0	35.0	OFF	63.6	55.8	85	DRY	186	83	7.71	1000	10.64	6.64	OFF	OFF	90.0	90.0	OFF	35.0
19-04-13 19:30:23	63.2	80.0	65.0	ON	71.0	59.9	55.8	85.0	35.0	OFF	63.6	55.8	85	DRY	186	83	7.71	1000	10.64	6.64	OFF	OFF	90.0	90.0	OFF	35.0
19-04-13 19:30:42	63.2	80.0	65.0	ON	71.0	59.9	55.8	85.0	35.0	OFF	63.6	55.8	85	DRY	186	83	7.81	1000	10.64	6.64	OFF	OFF	90.0	90.0	OFF	35.0
19-04-13 19:45:02	63.7	80.0	65.0	ON	71.0	59.9	55.6	85.0	35.0	OFF	63.6	55.6	86	DRY	186	82	7.81	1000	10.64	6.64	OFF	OFF	90.0	90.0	OFF	35.0
19-04-13 19:45:21	63.7	80.0	65.0	ON	71.0	59.9	55.6	85.0	35.0	OFF	63.6	55.6	85	DRY	186	82	7.91	1000	10.64	6.64	OFF	OFF	90.0	90.0	OFF	35.0
19-04-13 19:45:40	63.7	80.0	65.0	ON	71.0	59.9	55.6	85.0	35.0	OFF	63.6	55.6	85	DRY	186	82	7.81	1000	10.64	6.64	OFF	OFF	90.0	90.0	OFF	35.0
19-04-13 19:45:59	63.8	80.0	65.0	ON	71.0	59.9	55.6	85.0	35.0	OFF	63.6	55.6	85	DRY	186	82	7.91	1000	10.64	6.64	OFF	OFF	90.0	90.0	OFF	35.0
19-04-13 20:00:19	64.2	80.0	65.0	ON	71.0	59.9	55.5	85.0	35.0	OFF	63.6	55.5	83	DRY	186	82	8.11	1000	10.64	6.64	OFF	OFF	90.0	90.0	OFF	35.0
19-04-13 20:00:38	64.2	80.0	65.0	ON	71.0	59.9	55.5	85.0	35.0	OFF	63.6	55.5	85	DRY	186	82	7.91	1000	10.64	6.64	OFF	OFF	90.0	90.0	OFF	35.0
19-04-13 20:00:57	64.2	80.0	65.0	ON	71.0	59.9	55.5	85.0	35.0	OFF	63.6	55.5	85	DRY	186	82	8.11	1000	10.64	6.64	OFF	OFF	90.0	90.0	OFF	35.0
19-04-13 20:15:16	64.5	80.0	65.0	ON	71.0	59.9	55.4	85.0	35.0	OFF	63.6	55.3	85	DRY	186	82	8.11	1000	10.64	6.64	OFF	OFF	90.0	90.0	OFF	35.0
19-04-13 20:15:36	64.6	80.0	65.0	ON	71.0	59.9	55.4	85.0	35.0	OFF	63.6	55.3	85	DRY	186	82	8.11	1000	10.64	6.64	OFF	OFF	90.0	90.0	OFF	35.0
19-04-13 20:15:55	64.5	80.0	65.0	ON	71.0	59.9	55.4	85.0	35.0	OFF	63.6	55.3	85	DRY	186	82	8.11	1000	10.64	6.64	OFF	OFF	90.0	90.0	OFF	35.0
19-04-13 20:30:14	64.7	80.0	65.0	ON	71.0	59.9	55.4	85.0	35.0	OFF	63.6	55.3	85	DRY	186	82	8.3	1000	10.64	6.64	OFF	OFF	90.0	90.0	OFF	35.0
19-04-13 20:30:33	64.7	80.0	65.0	ON	71.0	59.9	55.4	85.0	35.0	OFF	63.6	55.3	85	DRY	186	82	8.3	1000	10.64	6.64	OFF	OFF	90.0	90.0	OFF	35.0
19-04-13 20:30:52	64.7	80.0	65.0	ON	71.0	59.9	55.5	85.0	35.0	OFF	63.6	55.3	85	DRY	186	82	8.2	1000	10.64	6.64	OFF	OFF	90.0	90.0	OFF	35.0
19-04-13 20:45:12	64.8	80.0	65.0	ON	71.0	59.9	55.6	85.0	35.0	OFF	63.6	55.3	84	DRY	186	82	8.4	1000	10.64	6.64	OFF	OFF	90.0	90.0	OFF	35.0
19-04-13 20:45:31	64.8	80.0	65.0	ON	71.0	59.9	55.6	85.0	35.0	OFF	63.6	55.3	83	DRY	186	82	8.4	1000	10.64	6.64	OFF	OFF	90.0	90.0	OFF	35.0
19-04-13 20:45:50	64.8	80.0	65.0	ON	71.0	59.9	55.6	85.0	35.0	OFF	63.6	55.3	84	DRY	186	82	8.4	1000	10.64	6.64	OFF	OFF	90.0	90.0	OFF	35.0
19-04-13 21:00:10	64.8	80.0	65.0	ON	71.0	59.9	55.7	85.0	35.0	OFF	63.6	55.3	83	DRY	186	82	8.3	1000	10.64	6.64	OFF	OFF	90.0	90.0	OFF	35.0
19-04-13 21:00:29	64.9	80.0	65.0	ON	71.0	59.9	55.7	85.0	35.0	OFF	63.6	55.3	85	DRY	186	82	8.5	1000	10.64	6.64	OFF	OFF	90.0	90.0	OFF	35.0
19-04-13 21:00:48	64.9	80.0	65.0	ON	71.0	59.9	55.7	85.0	35.0	OFF	63.6	55.3	83	DRY	186	82	8.5	1000	10.64	6.64	OFF	OFF	90.0	90.0	OFF	35.0
19-04-13 21:15:07	64.9	80.0	65.0	ON	71.0	59.9	55.9	85.0	35.0	OFF	63.6	55.3	84	DRY	186	82	8.59	1000	10.64	6.64	OFF	OFF	90.0	90.0	OFF	35.0
19-04-13 21:15:26	64.9	80.0	65.0	ON	71.0	59.9	55.9	85.0	35.0	OFF	63.6	55.3	83	DRY	186	82	8.5	1000	10.64	6.64	OFF	OFF	90.0	90.0	OFF	35.0
19-04-13 21:15:46	64.9	80.0	65.0	ON	71.0	59.9	55.9	85.0	35.0	OFF	63.6	55.3	83	DRY	186	82	8.69	1000	10.64	6.64	OFF	OFF	90.0	90.0	OFF	35.0
19-04-13 21:30:05	64.9	80.0	65.0	ON	71.0	59.9	56.0	85.0	35.0	OFF	63.6	55.3	82	DRY	186	82	8.69	1000	10.64	6.64	OFF	OFF	90.0	90.0	OFF	35.0
19-04-13 21:30:24	65.0	80.0	65.0	ON	71.0	59.9	56.0	85.0	35.0	OFF	63.6	55.3	82	DRY	186	82	8.59	1000	10.64	6.64	OFF	OFF	90.0	90.0	OFF	35.0
19-04-13 21:30:43	64.9	80.0	65.0	ON	71.0	59.9	56.0	85.0	35.0	OFF	63.6	55.3	83	DRY	186	82	8.59	1000	10.64	6.64	OFF	OFF	90.0	90.0	OFF	35.0
19-04-13 21:45:03	65.1	80.0	65.0	OFF	71.0	59.9	56.2	85.0	35.0	OFF	63.6	55.3	81	DRY	186	81	8.59	1000	10.64	6.64	OFF	OFF	90.0	90.0	OFF	35.0
19-04-13 21:45:22	65.1	80.0	65.0	OFF	71.0	59.9	56.2	85.0	35.0	OFF	63.6	55.3	83	DRY	186	81	8.69	1000	10.64	6.64	OFF	OFF	90.0	90.0	OFF	35.0
19-04-13 21:45:41	65.1	80.0	65.0	OFF	71.0	59.9	56.2	85.0	35.0	OFF	63.6	55.3	82	DRY	186	81	8.5	1000	10.64	6.64	OFF	OFF	90.0	90.0	OFF	35.0
19-04-13 22:00:01	65.4	80.0	65.0	OFF	71.0	59.9	56.2	85.0	35.0	OFF	63.6	55.3	83	DRY	186	80	8.79	1000	10.64	6.64	OFF	OFF	90.0	90.0	OFF	35.0
19-04-13 22:00:20	65.4	80.0	65.0	OFF	71.0	59.9	56.2	85.0	35.0	OFF	63.6	55.3	83	DRY	186	80	8.79	1000	10.64	6.64	OFF	OFF	90.0	90.0	OFF	35.0
19-04-13 22:00:39	65.4	80.0	65.0	OFF	71.0	59.9	56.2	85.0	35.0	OFF	63.6	55.3	82	DRY	186	80	8.79	1000	10.64	6.64	OFF	OFF	90.0	90.0	OFF	35.0
19-04-13 22:00:58	65.4	80.0	65.0	OFF	71.0	59.9	56.2	85.0	35.0	OFF	63.6	55.3	82	DRY	186	80	8.69	1000	10.64	6.64	OFF	OFF	90.0	90.0	OFF	35.0
19-04-13 22:15:18	65.7	80.0	65.0	OFF	71.0	59.9	56.2	85.0	35.0	OFF	63.6	55.3	83	DRY	186	80	9.08	1000	10.64	6.64	OFF	OFF	90.0	90.0	OFF	35.0
19-04-13 22:15:37	65.7	80.0	65.0	OFF	71.0	59.9	56.2	85.0	35.0	OFF	63.6	55.3	83	DRY	186	80	8.89	1000	10.64	6.64	OFF	OFF	90.0	90.0	OFF	35.0
19-04-13 22:15:56	65.7	80.0	65.0	OFF	71.0	59.9	56.2	85.0	35.0	OFF	63.6	55.3	83	DRY	186	80	8.98	1000	10.64	6.64	OFF	OFF	90.0	90.0	OFF	35.0
19-04-13 22:30:15	66.1	80.0	65.0	OFF	71.0	59.9	56.2	85.0	35.0	OFF	63.6	55.3	83	DRY	186	80	9.28	1000	10.64	6.64	OFF	OFF	90.0	90.0	OFF	35.0
19-04-13 22:30:34	66.1	80.0	65.0	OFF	71.0	59.9	56.1	85.0	35.0	OFF	63.6	55.3	82	DRY	186	80	9.08	1000	10.64	6.64	OFF	OFF	90.0	90.0	OFF	35.0
19-04-13 22:30:53	66.1	80.0	65.0	OFF	71.0	59.9	56.1	85.0	35.0	OFF	63.6	55.3	83	DRY	186	80	9.18	1000	10.64	6.64	OFF	OFF	90.0	90.0	OFF	35.0
19-04-13 22:45:13	66.5	80.0	65.0	OFF	71.0	59.9	56.2	85.0	35.0	OFF	63.6	55.3	83	DRY	186	80	9.28	1000	10.64	6.64	OFF	OFF	90.0	90.0	OFF	35.0
19-04-13 22:45:32	66.4	80.0	65.0	OFF	71.0	59.9	56.2	85.0	35.0	OFF	63.6	55.3	83	DRY	186	80	9.28	1000	10.64	6.64	OFF	OFF	90.0	90.0	OFF	35.0
19-04-13 22:45:51	66.4	80.0	65.0	OFF	71.0	59.9	56.1	85.0	35.0	OFF	63.6	55.3	82	DRY	186	80	9.08	1000	10.64	6.64	OFF	OFF	90.0	90.0	OFF	35.0
19-04-13 23:00:10	66.8	80.0	65.0	OFF	71.0	59.9	56.2	85.0	35.0	OFF	63.6	55.3	83	DRY	186	80	9.38	1000	10.64	6.64	OFF	OFF	90.0	90.0	OFF	35.0
19-04-13 23:00:29	66.8	80.0	65.0	OFF	71.0	59.9	56.2	85.0	35.0	OFF	63.6	55.3	83	DRY	186	80	9.28	1000	10.64	6.64	OFF	OFF	90.0	90.0	OFF	35.0
19-04-13 23:00:48	66.8	80.0	65.0	OFF	71.0	59.9	56.2	85.0	35.0	OFF	63.6	55.3	83	DRY	186	80	9.47	1000	10.64	6.64	OFF	OFF	90.0	90.0	OFF	35.0
19-04-13 23:15:08	67.0	80.0	65.0	OFF	71.0	59.9	56.2	85.0	35.0	OFF	63.6	55.3	81	DRY	186	80	9.38	1000	10.64	6.64	OFF	OFF	90.0	90.0	OFF	35.0
19-04-13 23:15:27	67.1	80.0	65.0	OFF	71.0	59.9	56.3	85.0	35.0	OFF	63.6	55.3	82	DRY	186	80	9.47	1000	10.64	6.64	OFF	OFF	90.0	90.0	OFF	35.0
19-04-13 23:15:46	67.1	80.0	65.0	OFF	71.0	59.9	56.2	85.0	35.0	OFF	63.6	55.3	83	DRY	186	80	9.57	1000	10.64	6.64	OFF	OFF	90.0	90.0	OFF	35.0
19-04-13 23:30:06	67.3	80.0	65.0	OFF	71.0	59.9	56.3	85.0	35.0	OFF	63.6	55.3	80	DRY	186	80	9.57	1000	10.64	6.64	OFF	OFF	90.0	90.0	OFF	35.0
19-04-13 23:30:25	67.3	80.0	65.0	OFF	71.0	59.9	56.3	85.0	35.0	OFF	63.6	55.3	82	DRY	186	80	9.57	1000	10.64	6.64	OFF	OFF	90.0	90.0	OFF	35.0
19-04-13 23:30:44	67.3	80.0	65.0	OFF	71.0	59.9	56.3	85.0	35.0	OFF	63.6	55.3	83	DRY	186	80	9.67	1000	10.64	6.64	OFF	OFF	90.0	90.0	OFF	35.0
19-04-13 23:45:04	67.5	80.0	65.0	OFF	71.0	59.9	56.4	85.0	35.0	OFF	63.6	55.3	81	DRY	186	80	9.86	1000	10.64	6.64	OFF	OFF	90.0	90.0	OFF	35.0
19-04-13 23:45:23	67.5	80.0	65.0	OFF	71.0	59.9	56.4	85.0	35.0	OFF	63.6	55.3	82	DRY	186	80	9.86	1000	10.64	6.64	OFF	OFF	90.0	90.0	OFF	35.0
19-04-13 23:45:43	67.5	80.0	65.0	OFF	71.0	59.9	56.4	85.0	35.0	OFF	63.6	55.3	81	DRY	186	80	9.57	1000	10.64	6.64	OFF	OFF	90.0	90.0	OFF	35.0
