19-04-21 00:00:13	67.7	80.0	65.0	OFF	68.6	67.6	55.4	85.0	35.0	OFF	56.0	47.6	0	AIR	11	0	11.82	1000	12.21	7.71	OFF	OFF	90.0	90.0	OFF	55.0
19-04-21 00:00:32	67.7	80.0	65.0	OFF	68.6	67.6	55.3	85.0	35.0	OFF	56.0	47.6	0	AIR	11	0	11.82	1000	12.21	7.71	OFF	OFF	90.0	90.0	OFF	55.0
19-04-21 00:00:51	67.7	80.0	65.0	OFF	68.6	67.6	55.3	85.0	35.0	OFF	56.0	47.6	0	AIR	11	0	11.82	1000	12.21	7.71	OFF	OFF	90.0	90.0	OFF	55.0
19-04-21 00:15:11	67.7	80.0	65.0	OFF	68.6	67.6	55.2	85.0	35.0	OFF	56.0	47.6	0	AIR	11	0	12.01	1000	12.21	7.71	OFF	OFF	90.0	90.0	OFF	55.0
19-04-21 00:15:30	67.7	80.0	65.0	OFF	68.6	67.6	55.2	85.0	35.0	OFF	56.0	47.6	0	AIR	11	0	12.01	1000	12.21	7.71	OFF	OFF	90.0	90.0	OFF	55.0
19-04-21 00:15:49	67.7	80.0	65.0	OFF	68.6	67.6	55.2	85.0	35.0	OFF	56.0	47.6	0	AIR	11	0	11.91	1000	12.21	7.71	OFF	OFF	90.0	90.0	OFF	55.0
19-04-21 00:30:09	67.7	80.0	65.0	OFF	68.6	67.6	55.2	85.0	35.0	OFF	56.0	47.6	0	AIR	11	0	12.01	1000	12.21	7.71	OFF	OFF	90.0	90.0	OFF	55.0
19-04-21 00:30:28	67.7	80.0	65.0	OFF	68.6	67.6	55.2	85.0	35.0	OFF	56.0	47.6	0	AIR	11	0	11.91	1000	12.21	7.71	OFF	OFF	90.0	90.0	OFF	55.0
19-04-21 00:30:47	67.7	80.0	65.0	OFF	68.6	67.6	55.1	85.0	35.0	OFF	56.0	47.6	0	AIR	11	0	12.01	1000	12.21	7.71	OFF	OFF	90.0	90.0	OFF	55.0
19-04-21 00:45:06	67.7	80.0	65.0	OFF	68.6	67.6	55.1	85.0	35.0	OFF	56.0	47.6	0	AIR	11	0	12.01	1000	12.3	7.71	OFF	OFF	90.0	90.0	OFF	55.0
19-04-21 00:45:25	67.7	80.0	65.0	OFF	68.6	67.6	55.1	85.0	35.0	OFF	56.0	47.6	0	AIR	11	0	11.91	1000	12.3	7.71	OFF	OFF	90.0	90.0	OFF	55.0
19-04-21 00:45:44	67.7	80.0	65.0	OFF	68.6	67.6	55.1	85.0	35.0	OFF	56.0	47.6	0	AIR	11	0	12.01	1000	12.3	7.71	OFF	OFF	90.0	90.0	OFF	55.0
19-04-21 01:00:04	67.7	80.0	65.0	OFF	68.6	67.6	55.0	85.0	35.0	OFF	56.0	47.6	0	AIR	11	0	12.11	1000	12.4	7.71	OFF	OFF	90.0	90.0	OFF	55.0
19-04-21 01:00:23	67.8	80.0	65.0	OFF	68.6	67.6	55.0	85.0	35.0	OFF	56.0	47.6	0	AIR	11	0	12.11	1000	12.4	7.71	OFF	OFF	90.0	90.0	OFF	55.0
19-04-21 01:00:42	67.8	80.0	65.0	OFF	68.6	67.6	55.1	85.0	35.0	OFF	56.0	47.6	0	AIR	11	0	12.21	1000	12.4	7.71	OFF	OFF	90.0	90.0	OFF	55.0
19-04-21 01:15:02	67.8	80.0	65.0	OFF	68.6	67.6	55.0	85.0	35.0	OFF	56.0	47.6	0	AIR	11	0	12.21	1000	12.6	7.71	OFF	OFF	90.0	90.0	OFF	55.0
19-04-21 01:15:21	67.8	80.0	65.0	OFF	68.6	67.6	55.0	85.0	35.0	OFF	56.0	47.6	0	AIR	11	0	12.11	1000	12.6	7.71	OFF	OFF	90.0	90.0	OFF	55.0
19-04-21 01:15:40	67.8	80.0	65.0	OFF	68.6	67.6	55.0	85.0	35.0	OFF	56.0	47.6	0	AIR	11	0	12.21	1000	12.6	7.71	OFF	OFF	90.0	90.0	OFF	55.0
19-04-21 01:15:59	67.8	80.0	65.0	OFF	68.6	67.6	55.0	85.0	35.0	OFF	56.0	47.6	0	AIR	11	0	12.11	1000	12.6	7.71	OFF	OFF	90.0	90.0	OFF	55.0
19-04-21 01:30:19	68.0	80.0	65.0	OFF	68.6	67.6	55.0	85.0	35.0	OFF	56.0	47.6	0	AIR	11	0	12.3	1000	12.79	7.71	OFF	OFF	90.0	90.0	OFF	55.0
19-04-21 01:30:38	68.0	80.0	65.0	OFF	68.6	67.6	55.0	85.0	35.0	OFF	56.0	47.6	0	AIR	11	0	12.3	1000	12.79	7.71	OFF	OFF	90.0	90.0	OFF	55.0
19-04-21 01:30:57	68.0	80.0	65.0	OFF	68.6	67.6	55.0	85.0	35.0	OFF	56.0	47.6	0	AIR	11	0	12.4	1000	12.79	7.71	OFF	OFF	90.0	90.0	OFF	55.0
19-04-21 01:45:16	67.9	80.0	65.0	OFF	68.6	67.6	55.5	85.0	35.0	OFF	56.0	47.6	0	AIR	11	0	12.4	1000	12.79	7.71	OFF	OFF	90.0	90.0	OFF	55.0
19-04-21 01:45:35	67.8	80.0	65.0	OFF	68.6	67.6	55.4	85.0	35.0	OFF	56.0	47.6	0	AIR	11	0	12.4	1000	12.79	7.71	OFF	OFF	90.0	90.0	OFF	55.0
19-04-21 01:45:54	67.8	80.0	65.0	OFF	68.6	67.6	55.4	85.0	35.0	OFF	56.0	47.6	0	AIR	11	0	12.5	1000	12.79	7.71	OFF	OFF	90.0	90.0	OFF	55.0
19-04-21 02:00:14	67.7	80.0	65.0	OFF	68.6	67.6	55.4	85.0	35.0	OFF	56.0	47.6	0	AIR	11	0	12.4	1000	12.79	7.71	OFF	OFF	90.0	90.0	OFF	55.0
19-04-21 02:00:33	67.7	80.0	65.0	OFF	68.6	67.6	55.4	85.0	35.0	OFF	56.0	47.6	0	AIR	11	0	12.4	1000	12.79	7.71	OFF	OFF	90.0	90.0	OFF	55.0
19-04-21 02:00:52	67.7	80.0	65.0	OFF	68.6	67.6	55.5	85.0	35.0	OFF	56.0	47.6	0	AIR	11	0	12.4	1000	12.79	7.71	OFF	OFF	90.0	90.0	OFF	55.0
19-04-21 02:15:12	67.6	80.0	65.0	OFF	68.6	67.6	55.4	85.0	35.0	OFF	56.0	47.6	0	AIR	11	0	12.4	1000	12.79	7.71	OFF	OFF	90.0	90.0	OFF	55.0
19-04-21 02:15:31	67.6	80.0	65.0	OFF	68.6	67.6	55.4	85.0	35.0	OFF	56.0	47.6	0	AIR	11	0	12.6	1000	12.79	7.71	OFF	OFF	90.0	90.0	OFF	55.0
19-04-21 02:15:50	67.6	80.0	65.0	OFF	68.6	67.6	55.4	85.0	35.0	OFF	56.0	47.6	0	AIR	11	0	12.5	1000	12.79	7.71	OFF	OFF	90.0	90.0	OFF	55.0
19-04-21 02:30:10	67.5	80.0	65.0	OFF	68.6	67.5	55.4	85.0	35.0	OFF	56.0	47.6	0	AIR	11	0	12.4	1000	12.79	7.71	OFF	OFF	90.0	90.0	OFF	55.0
19-04-21 02:30:29	67.5	80.0	65.0	OFF	68.6	67.5	55.4	85.0	35.0	OFF	56.0	47.6	0	AIR	11	0	12.6	1000	12.79	7.71	OFF	OFF	90.0	90.0	OFF	55.0
19-04-21 02:30:48	67.5	80.0	65.0	OFF	68.6	67.5	55.4	85.0	35.0	OFF	56.0	47.6	0	AIR	11	0	12.6	1000	12.79	7.71	OFF	OFF	90.0	90.0	OFF	55.0
19-04-21 02:45:07	67.4	80.0	65.0	OFF	68.6	67.4	55.4	85.0	35.0	OFF	56.0	47.6	0	AIR	11	0	12.4	1000	12.79	7.71	OFF	OFF	90.0	90.0	OFF	55.0
19-04-21 02:45:27	67.4	80.0	65.0	OFF	68.6	67.4	55.4	85.0	35.0	OFF	56.0	47.6	0	AIR	11	0	12.4	1000	12.79	7.71	OFF	OFF	90.0	90.0	OFF	55.0
19-04-21 02:45:46	67.4	80.0	65.0	OFF	68.6	67.4	55.4	85.0	35.0	OFF	56.0	47.6	0	AIR	11	0	12.6	1000	12.79	7.71	OFF	OFF	90.0	90.0	OFF	55.0
19-04-21 03:00:05	67.3	80.0	65.0	OFF	68.6	67.3	55.4	85.0	35.0	OFF	56.0	47.6	0	AIR	11	0	12.4	1000	12.79	7.71	OFF	OFF	90.0	90.0	OFF	55.0
19-04-21 03:00:24	67.3	80.0	65.0	OFF	68.6	67.3	55.4	85.0	35.0	OFF	56.0	47.6	0	AIR	11	0	12.6	1000	12.79	7.71	OFF	OFF	90.0	90.0	OFF	55.0
19-04-21 03:00:44	67.3	80.0	65.0	OFF	68.6	67.3	55.4	85.0	35.0	OFF	56.0	47.6	0	AIR	11	0	12.4	1000	12.79	7.71	OFF	OFF	90.0	90.0	OFF	55.0
19-04-21 03:15:03	67.2	80.0	65.0	OFF	68.6	67.2	55.4	85.0	35.0	OFF	56.0	47.6	0	AIR	11	0	12.4	1000	12.79	7.71	OFF	OFF	90.0	90.0	OFF	55.0
19-04-21 03:15:22	67.2	80.0	65.0	OFF	68.6	67.2	55.4	85.0	35.0	OFF	56.0	47.6	0	AIR	11	0	12.4	1000	12.79	7.71	OFF	OFF	90.0	90.0	OFF	55.0
19-04-21 03:15:41	67.2	80.0	65.0	OFF	68.6	67.2	55.4	85.0	35.0	OFF	56.0	47.6	0	AIR	11	0	12.4	1000	12.79	7.71	OFF	OFF	90.0	90.0	OFF	55.0
19-04-21 03:30:01	67.1	80.0	65.0	OFF	68.6	67.1	55.3	85.0	35.0	OFF	56.0	47.6	0	AIR	11	0	12.3	1000	12.79	7.71	OFF	OFF	90.0	90.0	OFF	55.0
19-04-21 03:30:21	67.1	80.0	65.0	OFF	68.6	67.1	55.4	85.0	35.0	OFF	56.0	47.6	0	AIR	11	0	12.3	1000	12.79	7.71	OFF	OFF	90.0	90.0	OFF	55.0
19-04-21 03:30:40	67.1	80.0	65.0	OFF	68.6	67.1	55.3	85.0	35.0	OFF	56.0	47.6	0	AIR	11	0	12.3	1000	12.79	7.71	OFF	OFF	90.0	90.0	OFF	55.0
19-04-21 03:30:59	67.1	80.0	65.0	OFF	68.6	67.1	55.3	85.0	35.0	OFF	56.0	47.6	0	AIR	11	0	12.3	1000	12.79	7.71	OFF	OFF	90.0	90.0	OFF	55.0
19-04-21 03:45:18	67.0	80.0	65.0	OFF	68.6	67.0	55.3	85.0	35.0	OFF	56.0	47.6	0	AIR	11	0	12.21	1000	12.79	7.71	OFF	OFF	90.0	90.0	OFF	55.0
19-04-21 03:45:38	67.0	80.0	65.0	OFF	68.6	67.0	55.3	85.0	35.0	OFF	56.0	47.6	0	AIR	11	0	12.3	1000	12.79	7.71	OFF	OFF	90.0	90.0	OFF	55.0
19-04-21 03:45:57	67.0	80.0	65.0	OFF	68.6	67.0	55.3	85.0	35.0	OFF	56.0	47.6	0	AIR	11	0	12.3	1000	12.79	7.71	OFF	OFF	90.0	90.0	OFF	55.0
19-04-21 04:00:16	66.9	80.0	65.0	OFF	68.6	66.9	55.3	85.0	35.0	OFF	56.0	47.6	0	AIR	11	0	12.21	1000	12.79	7.71	OFF	OFF	90.0	90.0	OFF	55.0
19-04-21 04:00:35	66.9	80.0	65.0	OFF	68.6	66.9	55.3	85.0	35.0	OFF	56.0	47.6	0	AIR	11	0	12.21	1000	12.79	7.71	OFF	OFF	90.0	90.0	OFF	55.0
19-04-21 04:00:54	66.9	80.0	65.0	OFF	68.6	66.9	55.3	85.0	35.0	OFF	56.0	47.6	0	AIR	11	0	12.21	1000	12.79	7.71	OFF	OFF	90.0	90.0	OFF	55.0
19-04-21 04:15:14	66.8	80.0	65.0	OFF	68.6	66.8	55.3	85.0	35.0	OFF	56.0	47.6	0	AIR	11	0	12.21	1000	12.79	7.71	OFF	OFF	90.0	90.0	OFF	55.0
19-04-21 04:15:33	66.8	80.0	65.0	OFF	68.6	66.8	55.3	85.0	35.0	OFF	56.0	47.6	0	AIR	11	0	12.01	1000	12.79	7.71	OFF	OFF	90.0	90.0	OFF	55.0
19-04-21 04:15:52	66.8	80.0	65.0	OFF	68.6	66.8	55.3	85.0	35.0	OFF	56.0	47.6	0	AIR	11	0	12.01	1000	12.79	7.71	OFF	OFF	90.0	90.0	OFF	55.0
19-04-21 04:30:12	66.7	80.0	65.0	OFF	68.6	66.7	55.3	85.0	35.0	OFF	56.0	47.6	0	AIR	11	0	12.01	1000	12.79	7.71	OFF	OFF	90.0	90.0	OFF	55.0
19-04-21 04:30:31	66.7	80.0	65.0	OFF	68.6	66.7	55.3	85.0	35.0	OFF	56.0	47.6	0	AIR	11	0	12.21	1000	12.79	7.71	OFF	OFF	90.0	90.0	OFF	55.0
19-04-21 04:30:50	66.7	80.0	65.0	OFF	68.6	66.7	55.3	85.0	35.0	OFF	56.0	47.6	0	AIR	11	0	12.01	1000	12.79	7.71	OFF	OFF	90.0	90.0	OFF	55.0
19-04-21 04:45:10	66.6	80.0	65.0	OFF	68.6	66.6	55.3	85.0	35.0	OFF	56.0	47.6	0	AIR	11	0	12.21	1000	12.79	7.71	OFF	OFF	90.0	90.0	OFF	55.0
19-04-21 04:45:29	66.6	80.0	65.0	OFF	68.6	66.6	55.3	85.0	35.0	OFF	56.0	47.6	0	AIR	11	0	12.21	1000	12.79	7.71	OFF	OFF	90.0	90.0	OFF	55.0
19-04-21 04:45:48	66.6	80.0	65.0	OFF	68.6	66.6	55.3	85.0	35.0	OFF	56.0	47.6	0	AIR	11	0	12.01	1000	12.79	7.71	OFF	OFF	90.0	90.0	OFF	55.0
19-04-21 05:00:08	66.5	80.0	65.0	OFF	68.6	66.5	55.2	85.0	35.0	OFF	56.0	47.6	0	AIR	11	0	12.01	1000	12.79	7.71	OFF	OFF	90.0	90.0	OFF	55.0
19-04-21 05:00:27	66.5	80.0	65.0	OFF	68.6	66.5	55.2	85.0	35.0	OFF	56.0	47.6	0	AIR	11	0	12.01	1000	12.79	7.71	OFF	OFF	90.0	90.0	OFF	55.0
19-04-21 05:00:46	66.5	80.0	65.0	OFF	68.6	66.5	55.2	85.0	35.0	OFF	56.0	47.6	0	AIR	11	0	12.01	1000	12.79	7.71	OFF	OFF	90.0	90.0	OFF	55.0
19-04-21 05:15:06	66.4	80.0	65.0	OFF	68.6	66.4	55.2	85.0	35.0	OFF	56.0	47.6	0	AIR	11	0	12.01	1000	12.79	7.71	OFF	OFF	90.0	90.0	OFF	55.0
19-04-21 05:15:25	66.5	80.0	65.0	OFF	68.6	66.4	55.2	85.0	35.0	OFF	56.0	47.6	0	AIR	11	0	12.01	1000	12.79	7.71	OFF	OFF	90.0	90.0	OFF	55.0
19-04-21 05:15:44	66.4	80.0	65.0	OFF	68.6	66.4	55.2	85.0	35.0	OFF	56.0	47.6	0	AIR	11	0	12.01	1000	12.79	7.71	OFF	OFF	90.0	90.0	OFF	55.0
19-04-21 05:30:04	66.4	80.0	65.0	OFF	68.6	66.3	55.1	85.0	35.0	OFF	56.0	47.6	0	AIR	11	0	11.91	1000	12.79	7.71	OFF	OFF	90.0	90.0	OFF	55.0
19-04-21 05:30:23	66.4	80.0	65.0	OFF	68.6	66.3	55.1	85.0	35.0	OFF	56.0	47.6	0	AIR	11	0	11.91	1000	12.79	7.71	OFF	OFF	90.0	90.0	OFF	55.0
19-04-21 05:30:42	66.4	80.0	65.0	OFF	68.6	66.3	55.1	85.0	35.0	OFF	56.0	47.6	0	AIR	11	0	11.91	1000	12.79	7.71	OFF	OFF	90.0	90.0	OFF	55.0
19-04-21 05:45:02	66.3	80.0	65.0	OFF	68.6	66.3	55.1	85.0	35.0	OFF	56.0	47.6	0	AIR	11	0	11.91	1000	12.79	7.71	OFF	OFF	90.0	90.0	OFF	55.0
19-04-21 05:45:21	66.3	80.0	65.0	OFF	68.6	66.3	55.1	85.0	35.0	OFF	56.0	47.6	0	AIR	11	0	11.91	1000	12.79	7.71	OFF	OFF	90.0	90.0	OFF	55.0
19-04-21 05:45:40	66.3	80.0	65.0	OFF	68.6	66.3	55.1	85.0	35.0	OFF	56.0	47.6	0	AIR	11	0	11.91	1000	12.79	7.71	OFF	OFF	90.0	90.0	OFF	55.0
19-04-21 05:45:59	66.3	80.0	65.0	OFF	68.6	66.3	55.1	85.0	35.0	OFF	56.0	47.6	0	AIR	11	0	11.82	1000	12.79	7.71	OFF	OFF	90.0	90.0	OFF	55.0
19-04-21 06:00:00	66.1	80.0	65.0	OFF	68.6	66.1	55.0	85.0	35.0	OFF	56.0	47.6	0	AIR	11	0	11.82	1000	12.79	7.71	OFF	OFF	90.0	90.0	OFF	55.0
19-04-21 06:00:19	66.2	80.0	65.0	OFF	68.6	66.1	55.1	85.0	35.0	OFF	56.0	47.6	0	AIR	11	0	11.82	1000	12.79	7.71	OFF	OFF	90.0	90.0	OFF	55.0
19-04-21 06:00:38	66.2	80.0	65.0	OFF	68.6	66.1	55.1	85.0	35.0	OFF	56.0	47.6	0	AIR	11	0	11.82	1000	12.79	7.71	OFF	OFF	90.0	90.0	OFF	55.0
19-04-21 06:00:57	66.1	80.0	65.0	OFF	68.6	66.1	55.0	85.0	35.0	OFF	56.0	47.6	0	AIR	11	0	11.82	1000	12.79	7.71	OFF	OFF	90.0	90.0	OFF	55.0
19-04-21 06:15:17	66.1	80.0	65.0	OFF	68.6	66.1	55.0	85.0	35.0	OFF	56.0	47.6	0	AIR	11	0	11.91	1000	12.79	7.71	OFF	OFF	90.0	90.0	OFF	55.0
19-04-21 06:15:36	66.1	80.0	65.0	OFF	68.6	66.1	55.0	85.0	35.0	OFF	56.0	47.6	0	AIR	11	0	11.72	1000	12.79	7.71	OFF	OFF	90.0	90.0	OFF	55.0
19-04-21 06:15:55	66.1	80.0	65.0	OFF	68.6	66.1	55.0	85.0	35.0	OFF	56.0	47.6	0	AIR	11	0	11.82	1000	12.79	7.71	OFF	OFF	90.0	90.0	OFF	55.0
19-04-21 06:30:15	66.0	80.0	65.0	OFF	68.6	66.0	55.0	85.0	35.0	OFF	56.0	47.6	0	AIR	11	0	11.62	1000	12.79	7.71	OFF	OFF	90.0	90.0	OFF	55.0
19-04-21 06:30:34	66.0	80.0	65.0	OFF	68.6	66.0	55.0	85.0	35.0	OFF	56.0	47.6	0	AIR	11	0	11.72	1000	12.79	7.71	OFF	OFF	90.0	90.0	OFF	55.0
19-04-21 06:30:53	65.9	80.0	65.0	OFF	68.6	65.9	54.9	85.0	35.0	OFF	56.0	47.6	0	AIR	11	0	11.62	1000	12.79	7.71	OFF	OFF	90.0	90.0	ON	55.0
19-04-21 06:45:13	66.0	80.0	65.0	OFF	68.6	65.9	54.9	85.0	35.0	OFF	56.0	47.6	0	AIR	11	0	11.91	1000	12.79	7.71	OFF	OFF	90.0	90.0	ON	55.0
19-04-21 06:45:32	66.0	80.0	65.0	OFF	68.6	65.9	54.8	85.0	35.0	OFF	56.0	47.6	0	AIR	11	0	12.3	1000	12.79	7.71	OFF	OFF	90.0	90.0	ON	55.0
19-04-21 06:45:51	66.1	80.0	65.0	OFF	68.6	65.9	54.9	85.0	35.0	OFF	56.0	47.6	0	AIR	11	0	12.01	1000	12.79	7.71	OFF	OFF	90.0	90.0	ON	55.0
19-04-21 07:00:11	66.1	80.0	65.0	OFF	68.6	65.9	55.3	85.0	35.0	OFF	56.0	47.6	0	AIR	11	0	11.72	1000	12.79	7.71	OFF	OFF	90.0	90.0	OFF	55.0
19-04-21 07:00:30	66.0	80.0	65.0	OFF	68.6	65.9	55.3	85.0	35.0	OFF	56.0	47.6	0	AIR	11	0	11.62	1000	12.79	7.71	OFF	OFF	90.0	90.0	OFF	55.0
19-04-21 07:00:49	66.0	80.0	65.0	OFF	68.6	65.9	55.3	85.0	35.0	OFF	56.0	47.6	0	AIR	11	0	11.62	1000	12.79	7.71	OFF	OFF	90.0	90.0	OFF	55.0
19-04-21 07:15:08	65.8	80.0	65.0	OFF	68.6	65.8	56.1	85.0	35.0	OFF	56.1	47.6	0	AIR	11	0	11.62	1000	12.79	7.71	OFF	OFF	90.0	90.0	OFF	55.0
19-04-21 07:15:27	65.8	80.0	65.0	OFF	68.6	65.8	56.1	85.0	35.0	OFF	56.1	47.6	0	AIR	11	0	11.62	1000	12.79	7.71	OFF	OFF	90.0	90.0	OFF	55.0
19-04-21 07:15:46	65.8	80.0	65.0	OFF	68.6	65.8	56.1	85.0	35.0	OFF	56.1	47.6	0	AIR	11	0	11.72	1000	12.79	7.71	OFF	OFF	90.0	90.0	OFF	55.0
19-04-21 07:30:06	65.7	80.0	65.0	OFF	68.6	65.6	56.0	85.0	35.0	OFF	56.1	47.6	0	AIR	11	0	11.52	1000	12.79	7.71	OFF	OFF	90.0	90.0	OFF	55.0
19-04-21 07:30:25	65.6	80.0	65.0	OFF	68.6	65.6	56.0	85.0	35.0	OFF	56.1	47.6	0	AIR	11	0	11.62	1000	12.79	7.71	OFF	OFF	90.0	90.0	OFF	55.0
19-04-21 07:30:44	65.7	80.0	65.0	OFF	68.6	65.6	56.1	85.0	35.0	OFF	56.1	47.6	0	AIR	11	0	11.72	1000	12.79	7.71	OFF	OFF	90.0	90.0	OFF	55.0
19-04-21 07:45:04	65.6	80.0	65.0	OFF	68.6	65.6	55.8	85.0	35.0	OFF	56.1	47.6	0	AIR	11	0	11.43	1000	12.79	7.71	OFF	OFF	90.0	90.0	OFF	55.0
19-04-21 07:45:23	65.6	80.0	65.0	OFF	68.6	65.6	55.8	85.0	35.0	OFF	56.1	47.6	0	AIR	11	0	11.43	1000	12.79	7.71	OFF	OFF	90.0	90.0	OFF	55.0
19-04-21 07:45:42	65.6	80.0	65.0	OFF	68.6	65.6	55.8	85.0	35.0	OFF	56.1	47.6	0	AIR	11	0	11.43	1000	12.79	7.71	OFF	OFF	90.0	90.0	OFF	55.0
19-04-21 08:00:02	65.5	80.0	65.0	OFF	68.6	65.5	55.6	85.0	35.0	OFF	56.1	47.6	0	AIR	11	0	11.33	1000	12.79	7.71	OFF	OFF	90.0	90.0	OFF	55.0
19-04-21 08:00:21	65.5	80.0	65.0	OFF	68.6	65.5	55.7	85.0	35.0	OFF	56.1	47.6	0	AIR	11	0	11.43	1000	12.79	7.71	OFF	OFF	90.0	90.0	OFF	55.0
19-04-21 08:00:40	65.5	80.0	65.0	OFF	68.6	65.5	55.7	85.0	35.0	OFF	56.1	47.6	0	AIR	11	0	11.33	1000	12.79	7.71	OFF	OFF	90.0	90.0	OFF	55.0
19-04-21 08:15:00	65.5	80.0	65.0	OFF	68.6	65.3	55.5	85.0	35.0	OFF	56.1	47.6	0	AIR	11	0	11.33	1000	12.79	7.71	OFF	OFF	90.0	90.0	OFF	55.0
19-04-21 08:15:19	65.4	80.0	65.0	OFF	68.6	65.3	55.5	85.0	35.0	OFF	56.1	47.6	0	AIR	11	0	11.43	1000	12.79	7.71	OFF	OFF	90.0	90.0	OFF	55.0
19-04-21 08:15:38	65.4	80.0	65.0	OFF	68.6	65.3	55.5	85.0	35.0	OFF	56.1	47.6	0	AIR	11	0	11.33	1000	12.79	7.71	OFF	OFF	90.0	90.0	OFF	55.0
19-04-21 08:15:58	65.4	80.0	65.0	OFF	68.6	65.3	55.5	85.0	35.0	OFF	56.1	47.6	0	AIR	11	0	11.43	1000	12.79	7.71	OFF	OFF	90.0	90.0	OFF	55.0
19-04-21 08:30:17	65.4	80.0	65.0	OFF	68.6	65.3	55.4	85.0	35.0	OFF	56.1	47.6	0	AIR	11	0	11.33	1000	12.79	7.71	OFF	OFF	90.0	90.0	OFF	55.0
19-04-21 08:30:36	65.4	80.0	65.0	OFF	68.6	65.3	55.4	85.0	35.0	OFF	56.1	47.6	0	AIR	11	0	11.23	1000	12.79	7.71	OFF	OFF	90.0	90.0	OFF	55.0
19-04-21 08:30:55	65.3	80.0	65.0	OFF	68.6	65.3	55.4	85.0	35.0	OFF	56.1	47.6	0	AIR	11	0	11.43	1000	12.79	7.71	OFF	OFF	90.0	90.0	OFF	55.0
19-04-21 08:45:15	65.3	80.0	65.0	OFF	68.6	65.3	55.3	85.0	35.0	OFF	56.1	47.6	0	AIR	11	0	11.23	1000	12.79	7.71	OFF	OFF	90.0	90.0	OFF	55.0
19-04-21 08:45:34	65.3	80.0	65.0	OFF	68.6	65.3	55.3	85.0	35.0	OFF	56.1	47.6	0	AIR	11	0	11.23	1000	12.79	7.71	OFF	OFF	90.0	90.0	OFF	55.0
19-04-21 08:45:53	65.4	80.0	65.0	OFF	68.6	65.3	55.3	85.0	35.0	OFF	56.1	47.6	0	AIR	11	0	11.23	1000	12.79	7.71	OFF	OFF	90.0	90.0	OFF	55.0
19-04-21 09:00:13	65.3	80.0	65.0	OFF	68.6	65.3	55.2	85.0	35.0	OFF	56.1	47.6	0	AIR	11	0	11.23	1000	12.79	7.71	OFF	OFF	90.0	90.0	OFF	55.0
19-04-21 09:00:32	65.3	80.0	65.0	OFF	68.6	65.3	55.2	85.0	35.0	OFF	56.1	47.6	0	AIR	11	0	11.23	1000	12.79	7.71	OFF	OFF	90.0	90.0	OFF	55.0
19-04-21 09:00:51	65.3	80.0	65.0	OFF	68.6	65.3	55.2	85.0	35.0	OFF	56.1	47.6	0	AIR	11	0	11.23	1000	12.79	7.71	OFF	OFF	90.0	90.0	OFF	55.0
19-04-21 09:15:10	65.4	80.0	65.0	OFF	68.6	65.3	55.1	85.0	35.0	OFF	56.1	47.6	0	AIR	11	0	11.23	1000	12.79	7.71	OFF	OFF	90.0	90.0	OFF	55.0
19-04-21 09:15:29	65.3	80.0	65.0	OFF	68.6	65.3	55.1	85.0	35.0	OFF	56.1	47.6	0	AIR	11	0	11.23	1000	12.79	7.71	OFF	OFF	90.0	90.0	OFF	55.0
19-04-21 09:15:48	65.3	80.0	65.0	OFF	68.6	65.3	55.1	85.0	35.0	OFF	56.1	47.6	0	AIR	11	0	11.23	1000	12.79	7.71	OFF	OFF	90.0	90.0	OFF	55.0
19-04-21 09:30:08	65.3	80.0	65.0	OFF	68.6	65.3	55.0	85.0	35.0	OFF	56.1	47.6	0	AIR	11	0	11.04	1000	12.79	7.71	OFF	OFF	90.0	90.0	OFF	55.0
19-04-21 09:30:27	65.3	80.0	65.0	OFF	68.6	65.3	55.1	85.0	35.0	OFF	56.1	47.6	0	AIR	11	0	11.23	1000	12.79	7.71	OFF	OFF	90.0	90.0	OFF	55.0
19-04-21 09:30:46	65.3	80.0	65.0	OFF	68.6	65.3	55.1	85.0	35.0	OFF	56.1	47.6	3	AIR	11	0	11.23	1000	12.79	7.71	OFF	OFF	90.0	90.0	OFF	55.0
19-04-21 09:45:06	65.3	80.0	65.0	OFF	68.6	65.3	55.0	85.0	35.0	OFF	56.1	47.6	0	AIR	11	0	11.13	1000	12.79	7.71	OFF	OFF	90.0	90.0	OFF	55.0
19-04-21 09:45:25	65.3	80.0	65.0	OFF	68.6	65.3	55.0	85.0	35.0	OFF	56.1	47.6	0	AIR	11	0	11.23	1000	12.79	7.71	OFF	OFF	90.0	90.0	OFF	55.0
19-04-21 09:45:44	65.3	80.0	65.0	OFF	68.6	65.3	55.0	85.0	35.0	OFF	56.1	47.6	0	AIR	11	0	11.23	1000	12.79	7.71	OFF	OFF	90.0	90.0	OFF	55.0
19-04-21 10:00:02	65.4	80.0	65.0	OFF	68.6	65.3	55.5	85.0	35.0	OFF	56.1	47.6	0	AIR	11	0	11.33	1000	12.79	7.71	OFF	OFF	90.0	90.0	OFF	55.0
19-04-21 10:00:21	65.5	80.0	65.0	OFF	68.6	65.3	55.6	85.0	35.0	OFF	56.1	47.6	0	AIR	11	0	11.33	1000	12.79	7.71	OFF	OFF	90.0	90.0	OFF	55.0
19-04-21 10:00:40	65.4	80.0	65.0	OFF	68.6	65.3	55.6	85.0	35.0	OFF	56.1	47.6	0	AIR	11	0	11.23	1000	12.79	7.71	OFF	OFF	90.0	90.0	OFF	55.0
19-04-21 10:00:59	65.5	80.0	65.0	OFF	68.6	65.3	55.7	85.0	35.0	OFF	56.1	47.6	0	AIR	11	0	11.33	1000	12.79	7.71	OFF	OFF	90.0	90.0	OFF	55.0
19-04-21 10:15:00	65.4	80.0	65.0	OFF	68.6	65.3	55.7	85.0	35.0	OFF	56.1	47.6	0	AIR	11	0	11.33	1000	12.79	7.71	OFF	OFF	90.0	90.0	OFF	55.0
19-04-21 10:15:19	65.4	80.0	65.0	OFF	68.6	65.3	55.7	85.0	35.0	OFF	56.1	47.6	0	AIR	11	0	11.43	1000	12.79	7.71	OFF	OFF	90.0	90.0	OFF	55.0
19-04-21 10:15:38	65.4	80.0	65.0	OFF	68.6	65.3	55.7	85.0	35.0	OFF	56.1	47.6	0	AIR	11	0	11.23	1000	12.79	7.71	OFF	OFF	90.0	90.0	OFF	55.0
19-04-21 10:15:57	65.4	80.0	65.0	OFF	68.6	65.3	55.7	85.0	35.0	OFF	56.1	47.6	0	AIR	11	0	11.33	1000	12.79	7.71	OFF	OFF	90.0	90.0	OFF	55.0
19-04-21 10:30:16	65.3	80.0	65.0	OFF	68.6	65.3	55.5	85.0	35.0	OFF	56.1	47.6	0	AIR	11	0	11.33	1000	12.79	7.71	OFF	OFF	90.0	90.0	OFF	55.0
19-04-21 10:30:36	65.3	80.0	65.0	OFF	68.6	65.3	55.5	85.0	35.0	OFF	56.1	47.6	0	AIR	11	0	11.23	1000	12.79	7.71	OFF	OFF	90.0	90.0	OFF	55.0
19-04-21 10:30:55	65.3	80.0	65.0	OFF	68.6	65.3	55.5	85.0	35.0	OFF	56.1	47.6	0	AIR	11	0	11.33	1000	12.79	7.71	OFF	OFF	90.0	90.0	OFF	55.0
19-04-21 10:45:14	65.2	80.0	65.0	OFF	68.6	65.1	55.4	85.0	35.0	OFF	56.1	47.6	0	AIR	11	0	11.13	1000	12.79	7.71	OFF	OFF	90.0	90.0	OFF	55.0
19-04-21 10:45:33	65.2	80.0	65.0	OFF	68.6	65.1	55.4	85.0	35.0	OFF	56.1	47.6	0	AIR	11	0	11.23	1000	12.79	7.71	OFF	OFF	90.0	90.0	OFF	55.0
19-04-21 10:45:52	65.1	80.0	65.0	OFF	68.6	65.1	55.4	85.0	35.0	OFF	56.1	47.6	0	AIR	11	0	11.13	1000	12.79	7.71	OFF	OFF	90.0	90.0	OFF	55.0
19-04-21 11:00:12	65.1	80.0	65.0	OFF	68.6	65.1	55.3	85.0	35.0	OFF	56.1	47.6	0	AIR	11	0	11.13	1000	12.79	7.71	OFF	OFF	90.0	90.0	OFF	55.0
19-04-21 11:00:31	65.1	80.0	65.0	OFF	68.6	65.1	55.3	85.0	35.0	OFF	56.1	47.6	0	AIR	11	0	11.13	1000	12.79	7.71	OFF	OFF	90.0	90.0	OFF	55.0
19-04-21 11:00:50	65.1	80.0	65.0	OFF	68.6	65.1	55.3	85.0	35.0	OFF	56.1	47.6	0	AIR	11	0	11.13	1000	12.79	7.71	OFF	OFF	90.0	90.0	OFF	55.0
19-04-21 11:15:10	65.0	80.0	65.0	ON	68.6	65.0	55.3	85.0	35.0	OFF	56.1	47.6	0	AIR	11	0	11.23	1000	12.79	7.71	OFF	OFF	90.0	90.0	OFF	55.0
19-04-21 11:15:29	65.0	80.0	65.0	ON	68.6	65.0	55.3	85.0	35.0	OFF	56.1	47.6	0	AIR	11	0	11.23	1000	12.79	7.71	OFF	OFF	90.0	90.0	OFF	55.0
19-04-21 11:15:48	65.0	80.0	65.0	ON	68.6	65.0	55.3	85.0	35.0	OFF	56.1	47.6	0	AIR	11	0	11.13	1000	12.79	7.71	OFF	OFF	90.0	90.0	OFF	55.0
19-04-21 11:30:08	65.0	80.0	65.0	ON	68.6	64.9	55.3	85.0	35.0	OFF	56.1	47.6	0	AIR	11	0	11.04	1000	12.79	7.71	OFF	OFF	90.0	90.0	OFF	55.0
19-04-21 11:30:27	65.0	80.0	65.0	ON	68.6	64.9	55.3	85.0	35.0	OFF	56.1	47.6	0	AIR	11	0	11.23	1000	12.79	7.71	OFF	OFF	90.0	90.0	OFF	55.0
19-04-21 11:30:46	64.9	80.0	65.0	ON	68.6	64.9	55.2	85.0	35.0	OFF	56.1	47.6	0	AIR	11	0	11.13	1000	12.79	7.71	OFF	OFF	90.0	90.0	OFF	55.0
19-04-21 11:45:05	64.9	80.0	65.0	ON	68.6	64.9	55.1	85.0	35.0	OFF	56.1	47.6	0	AIR	11	0	11.23	1000	12.79	7.71	OFF	OFF	90.0	90.0	OFF	55.0
19-04-21 11:45:25	64.9	80.0	65.0	ON	68.6	64.9	55.1	85.0	35.0	OFF	56.1	47.6	0	AIR	11	0	11.04	1000	12.79	7.71	OFF	OFF	90.0	90.0	OFF	55.0
19-04-21 11:45:44	64.9	80.0	65.0	ON	68.6	64.9	55.1	85.0	35.0	OFF	56.1	47.6	0	AIR	11	0	11.04	1000	12.79	7.71	OFF	OFF	90.0	90.0	OFF	55.0
19-04-21 12:00:03	64.9	80.0	65.0	ON	68.6	64.9	55.1	85.0	35.0	OFF	56.1	47.6	0	AIR	11	0	11.13	1000	12.79	7.71	OFF	OFF	90.0	90.0	OFF	55.0
19-04-21 12:00:22	64.9	80.0	65.0	ON	68.6	64.9	55.1	85.0	35.0	OFF	56.1	47.6	0	AIR	11	0	11.23	1000	12.79	7.71	OFF	OFF	90.0	90.0	OFF	55.0
19-04-21 12:00:41	64.9	80.0	65.0	ON	68.6	64.9	55.1	85.0	35.0	OFF	56.1	47.6	0	AIR	11	0	11.13	1000	12.79	7.71	OFF	OFF	90.0	90.0	OFF	55.0
19-04-21 12:15:01	64.9	80.0	65.0	ON	68.6	64.8	55.0	85.0	35.0	OFF	56.1	47.6	0	AIR	11	0	11.13	1000	12.79	7.71	OFF	OFF	90.0	90.0	OFF	55.0
19-04-21 12:15:20	64.9	80.0	65.0	ON	68.6	64.8	55.0	85.0	35.0	OFF	56.1	47.6	0	AIR	11	0	11.13	1000	12.79	7.71	OFF	OFF	90.0	90.0	OFF	55.0
19-04-21 12:15:39	64.9	80.0	65.0	ON	68.6	64.8	55.0	85.0	35.0	OFF	56.1	47.6	0	AIR	11	0	11.23	1000	12.79	7.71	OFF	OFF	90.0	90.0	OFF	55.0
19-04-21 12:15:58	64.9	80.0	65.0	ON	68.6	64.8	55.0	85.0	35.0	OFF	56.1	47.6	0	AIR	11	0	11.13	1000	12.79	7.71	OFF	OFF	90.0	90.0	OFF	55.0
19-04-21 12:30:18	64.9	80.0	65.0	ON	68.6	64.8	54.9	85.0	35.0	OFF	56.1	47.6	0	AIR	11	0	11.33	1000	12.79	7.71	OFF	OFF	90.0	90.0	ON	55.0
19-04-21 12:30:37	64.9	80.0	65.0	ON	68.6	64.8	54.9	85.0	35.0	OFF	56.1	47.6	0	AIR	11	0	11.52	1000	12.79	7.71	OFF	OFF	90.0	90.0	ON	55.0
19-04-21 12:30:56	64.9	80.0	65.0	ON	68.6	64.8	54.9	85.0	35.0	OFF	56.1	47.6	0	AIR	11	0	11.43	1000	12.79	7.71	OFF	OFF	90.0	90.0	ON	55.0
19-04-21 12:45:16	65.1	80.0	65.0	OFF	68.6	64.8	55.7	85.0	35.0	OFF	56.1	47.6	0	AIR	11	0	11.13	1000	12.79	7.71	OFF	OFF	90.0	90.0	OFF	55.0
19-04-21 12:45:35	65.0	80.0	65.0	ON	68.6	64.8	55.6	85.0	35.0	OFF	56.1	47.6	0	AIR	11	0	11.13	1000	12.79	7.71	OFF	OFF	90.0	90.0	OFF	55.0
19-04-21 12:45:54	65.0	80.0	65.0	ON	68.6	64.8	55.6	85.0	35.0	OFF	56.1	47.6	0	AIR	11	0	11.23	1000	12.79	7.71	OFF	OFF	90.0	90.0	OFF	55.0
19-04-21 13:00:14	65.1	80.0	65.0	OFF	68.6	64.8	55.6	85.0	35.0	OFF	56.1	47.6	0	AIR	11	0	11.23	1000	12.79	7.71	OFF	OFF	90.0	90.0	OFF	55.0
19-04-21 13:00:33	65.1	80.0	65.0	OFF	68.6	64.8	55.6	85.0	35.0	OFF	56.1	47.6	0	AIR	11	0	11.23	1000	12.79	7.71	OFF	OFF	90.0	90.0	OFF	55.0
19-04-21 13:00:52	65.1	80.0	65.0	OFF	68.6	64.8	55.6	85.0	35.0	OFF	56.1	47.6	0	AIR	11	0	11.13	1000	12.79	7.71	OFF	OFF	90.0	90.0	OFF	55.0
19-04-21 13:15:12	65.2	80.0	65.0	OFF	68.6	64.8	55.6	85.0	35.0	OFF	56.1	47.6	0	AIR	11	0	11.13	1000	12.79	7.71	OFF	OFF	90.0	90.0	OFF	55.0
19-04-21 13:15:31	65.1	80.0	65.0	OFF	68.6	64.8	55.6	85.0	35.0	OFF	56.1	47.6	0	AIR	11	0	11.13	1000	12.79	7.71	OFF	OFF	90.0	90.0	OFF	55.0
19-04-21 13:15:50	65.1	80.0	65.0	OFF	68.6	64.8	55.6	85.0	35.0	OFF	56.1	47.6	0	AIR	11	0	11.23	1000	12.79	7.71	OFF	OFF	90.0	90.0	OFF	55.0
19-04-21 13:30:10	65.3	80.0	65.0	OFF	68.6	64.8	55.5	85.0	35.0	OFF	56.1	47.6	0	AIR	11	0	11.13	1000	12.79	7.71	OFF	OFF	90.0	90.0	OFF	55.0
19-04-21 13:30:29	65.3	80.0	65.0	OFF	68.6	64.8	55.5	85.0	35.0	OFF	56.1	47.6	0	AIR	11	0	11.13	1000	12.79	7.71	OFF	OFF	90.0	90.0	OFF	55.0
19-04-21 13:30:48	65.2	80.0	65.0	OFF	68.6	64.8	55.5	85.0	35.0	OFF	56.1	47.6	0	AIR	11	0	11.23	1000	12.79	7.71	OFF	OFF	90.0	90.0	OFF	55.0
19-04-21 13:45:07	65.4	80.0	65.0	OFF	68.6	64.8	55.5	85.0	35.0	OFF	56.1	47.6	0	AIR	11	0	11.33	1000	12.79	7.71	OFF	OFF	90.0	90.0	OFF	55.0
19-04-21 13:45:27	65.4	80.0	65.0	OFF	68.6	64.8	55.5	85.0	35.0	OFF	56.1	47.6	0	AIR	11	0	11.23	1000	12.79	7.71	OFF	OFF	90.0	90.0	OFF	55.0
19-04-21 13:45:46	65.4	80.0	65.0	OFF	68.6	64.8	55.5	85.0	35.0	OFF	56.1	47.6	0	AIR	11	0	11.62	1000	12.79	7.71	OFF	OFF	90.0	90.0	OFF	55.0
19-04-21 14:00:05	65.6	80.0	65.0	OFF	68.6	64.8	55.4	85.0	35.0	OFF	56.1	47.6	0	AIR	11	0	11.43	1000	12.79	7.71	OFF	OFF	90.0	90.0	OFF	55.0
19-04-21 14:00:24	65.6	80.0	65.0	OFF	68.6	64.8	55.4	85.0	35.0	OFF	56.1	47.6	0	AIR	11	0	11.43	1000	12.79	7.71	OFF	OFF	90.0	90.0	OFF	55.0
19-04-21 14:00:43	65.6	80.0	65.0	OFF	68.6	64.8	55.4	85.0	35.0	OFF	56.1	47.6	0	AIR	11	0	11.33	1000	12.79	7.71	OFF	OFF	90.0	90.0	OFF	55.0
19-04-21 14:15:03	65.8	80.0	65.0	OFF	68.6	64.8	55.3	85.0	35.0	OFF	56.1	47.6	0	AIR	11	0	11.43	1000	12.79	7.71	OFF	OFF	90.0	90.0	OFF	55.0
19-04-21 14:15:23	65.8	80.0	65.0	OFF	68.6	64.8	55.3	85.0	35.0	OFF	56.1	47.6	0	AIR	11	0	11.43	1000	12.79	7.71	OFF	OFF	90.0	90.0	OFF	55.0
19-04-21 14:15:42	65.8	80.0	65.0	OFF	68.6	64.8	55.3	85.0	35.0	OFF	56.1	47.6	0	AIR	11	0	11.43	1000	12.79	7.71	OFF	OFF	90.0	90.0	OFF	55.0
19-04-21 14:30:01	65.9	80.0	65.0	OFF	68.6	64.8	55.3	85.0	35.0	OFF	56.1	47.6	0	AIR	11	0	11.52	1000	12.79	7.71	OFF	OFF	90.0	90.0	OFF	55.0
19-04-21 14:30:20	65.9	80.0	65.0	OFF	68.6	64.8	55.3	85.0	35.0	OFF	56.1	47.6	0	AIR	11	0	11.43	1000	12.79	7.71	OFF	OFF	90.0	90.0	OFF	55.0
19-04-21 14:30:39	65.9	80.0	65.0	OFF	68.6	64.8	55.3	85.0	35.0	OFF	56.1	47.6	0	AIR	11	0	11.62	1000	12.79	7.71	OFF	OFF	90.0	90.0	OFF	55.0
19-04-21 14:30:58	66.0	80.0	65.0	OFF	68.6	64.8	55.3	85.0	35.0	OFF	56.1	47.6	0	AIR	11	0	11.62	1000	12.79	7.71	OFF	OFF	90.0	90.0	OFF	55.0
19-04-21 14:45:18	66.1	80.0	65.0	OFF	68.6	64.8	55.3	85.0	35.0	OFF	56.1	47.6	0	AIR	11	0	11.62	1000	12.79	7.71	OFF	OFF	90.0	90.0	OFF	55.0
19-04-21 14:45:37	66.1	80.0	65.0	OFF	68.6	64.8	55.3	85.0	35.0	OFF	56.1	47.6	0	AIR	11	0	11.82	1000	12.79	7.71	OFF	OFF	90.0	90.0	OFF	55.0
19-04-21 14:45:56	66.1	80.0	65.0	OFF	68.6	64.8	55.3	85.0	35.0	OFF	56.1	47.6	0	AIR	11	0	11.52	1000	12.79	7.71	OFF	OFF	90.0	90.0	OFF	55.0
19-04-21 15:00:16	66.3	80.0	65.0	OFF	68.6	64.8	55.3	85.0	35.0	OFF	56.1	47.6	0	AIR	11	0	11.82	1000	12.79	7.71	OFF	OFF	90.0	90.0	OFF	55.0
19-04-21 15:00:35	66.4	80.0	65.0	OFF	68.6	64.8	55.4	85.0	35.0	OFF	56.1	47.6	0	AIR	11	0	11.72	1000	12.79	7.71	OFF	OFF	90.0	90.0	OFF	55.0
19-04-21 15:00:54	66.4	80.0	65.0	OFF	68.6	64.8	55.4	85.0	35.0	OFF	56.1	47.6	0	AIR	11	0	11.82	1000	12.79	7.71	OFF	OFF	90.0	90.0	OFF	55.0
19-04-21 15:15:14	66.5	80.0	65.0	OFF	68.6	64.8	55.3	85.0	35.0	OFF	56.1	47.6	0	AIR	11	0	11.82	1000	12.79	7.71	OFF	OFF	90.0	90.0	OFF	55.0
19-04-21 15:15:33	66.6	80.0	65.0	OFF	68.6	64.8	55.4	85.0	35.0	OFF	56.1	47.6	0	AIR	11	0	11.72	1000	12.79	7.71	OFF	OFF	90.0	90.0	OFF	55.0
19-04-21 15:15:52	66.5	80.0	65.0	OFF	68.6	64.8	55.4	85.0	35.0	OFF	56.1	47.6	0	AIR	11	0	11.82	1000	12.79	7.71	OFF	OFF	90.0	90.0	OFF	55.0
19-04-21 15:30:12	66.7	80.0	65.0	OFF	68.6	64.8	55.4	85.0	35.0	OFF	56.1	47.6	0	AIR	11	0	12.01	1000	12.79	7.71	OFF	OFF	90.0	90.0	OFF	55.0
19-04-21 15:30:31	66.7	80.0	65.0	OFF	68.6	64.8	55.4	85.0	35.0	OFF	56.1	47.6	0	AIR	11	0	12.01	1000	12.79	7.71	OFF	OFF	90.0	90.0	OFF	55.0
19-04-21 15:30:50	66.7	80.0	65.0	OFF	68.6	64.8	55.4	85.0	35.0	OFF	56.1	47.6	0	AIR	11	0	11.91	1000	12.79	7.71	OFF	OFF	90.0	90.0	OFF	55.0
19-04-21 15:45:10	66.9	80.0	65.0	OFF	68.6	64.8	55.5	85.0	35.0	OFF	56.1	47.6	0	AIR	11	0	12.11	1000	12.79	7.71	OFF	OFF	90.0	90.0	OFF	55.0
19-04-21 15:45:29	67.0	80.0	65.0	OFF	68.6	64.8	55.5	85.0	35.0	OFF	56.1	47.6	0	AIR	11	0	12.21	1000	12.79	7.71	OFF	OFF	90.0	90.0	OFF	55.0
19-04-21 15:45:48	66.9	80.0	65.0	OFF	68.6	64.8	55.5	85.0	35.0	OFF	56.1	47.6	0	AIR	11	0	12.21	1000	12.79	7.71	OFF	OFF	90.0	90.0	OFF	55.0
19-04-21 16:00:07	67.1	80.0	65.0	OFF	68.6	64.8	55.6	85.0	35.0	OFF	56.1	47.6	0	AIR	11	0	12.3	1000	12.79	7.71	OFF	OFF	90.0	90.0	OFF	55.0
19-04-21 16:00:26	67.1	80.0	65.0	OFF	68.6	64.8	55.6	85.0	35.0	OFF	56.1	47.6	0	AIR	11	0	12.21	1000	12.79	7.71	OFF	OFF	90.0	90.0	OFF	55.0
19-04-21 16:00:46	67.2	80.0	65.0	OFF	68.6	64.8	55.6	85.0	35.0	OFF	56.1	47.6	0	AIR	11	0	12.4	1000	12.79	7.71	OFF	OFF	90.0	90.0	OFF	55.0
19-04-21 16:15:05	67.3	80.0	65.0	OFF	68.6	64.8	55.7	85.0	35.0	OFF	56.1	47.6	0	AIR	11	0	12.3	1000	12.79	7.71	OFF	OFF	90.0	90.0	OFF	55.0
19-04-21 16:15:24	67.3	80.0	65.0	OFF	68.6	64.8	55.7	85.0	35.0	OFF	56.1	47.6	0	AIR	11	0	12.4	1000	12.79	7.71	OFF	OFF	90.0	90.0	OFF	55.0
19-04-21 16:15:43	67.3	80.0	65.0	OFF	68.6	64.8	55.7	85.0	35.0	OFF	56.1	47.6	0	AIR	11	0	12.4	1000	12.79	7.71	OFF	OFF	90.0	90.0	OFF	55.0
19-04-21 16:30:03	67.5	80.0	65.0	OFF	68.6	64.8	55.8	85.0	35.0	OFF	56.1	47.6	0	AIR	11	0	12.4	1000	12.79	7.71	OFF	OFF	90.0	90.0	OFF	55.0
19-04-21 16:30:22	67.5	80.0	65.0	OFF	68.6	64.8	55.8	85.0	35.0	OFF	56.1	47.6	0	AIR	11	0	12.5	1000	12.79	7.71	OFF	OFF	90.0	90.0	OFF	55.0
19-04-21 16:30:41	67.5	80.0	65.0	OFF	68.6	64.8	55.8	85.0	35.0	OFF	56.1	47.6	0	AIR	11	0	12.5	1000	12.79	7.71	OFF	OFF	90.0	90.0	OFF	55.0
19-04-21 16:45:01	67.7	80.0	65.0	OFF	68.6	64.8	55.9	85.0	35.0	OFF	56.1	47.6	0	AIR	11	0	12.6	1000	12.79	7.71	OFF	OFF	90.0	90.0	OFF	55.0
19-04-21 16:45:20	67.7	80.0	65.0	OFF	68.6	64.8	55.9	85.0	35.0	OFF	56.1	47.6	0	AIR	11	0	12.6	1000	12.79	7.71	OFF	OFF	90.0	90.0	OFF	55.0
19-04-21 16:45:39	67.7	80.0	65.0	OFF	68.6	64.8	55.9	85.0	35.0	OFF	56.1	47.6	0	AIR	11	0	12.6	1000	12.79	7.71	OFF	OFF	90.0	90.0	OFF	55.0
19-04-21 16:45:58	67.7	80.0	65.0	OFF	68.6	64.8	55.9	85.0	35.0	OFF	56.1	47.6	0	AIR	11	0	12.5	1000	12.79	7.71	OFF	OFF	90.0	90.0	OFF	55.0
19-04-21 17:00:18	67.9	80.0	65.0	OFF	68.6	64.8	56.0	85.0	35.0	OFF	56.1	47.6	0	AIR	11	0	12.21	1000	12.79	7.71	OFF	OFF	90.0	90.0	OFF	55.0
19-04-21 17:00:37	67.9	80.0	65.0	OFF	68.6	64.8	56.1	85.0	35.0	OFF	56.1	47.6	0	AIR	11	0	11.52	1000	12.79	7.71	OFF	OFF	90.0	90.0	OFF	55.0
19-04-21 17:00:56	67.9	80.0	65.0	OFF	68.6	64.8	56.1	85.0	35.0	OFF	56.1	47.6	0	AIR	11	0	11.04	1000	12.79	7.71	OFF	OFF	90.0	90.0	OFF	55.0
19-04-21 17:15:15	68.4	80.0	65.0	OFF	68.6	64.8	52.6	85.0	35.0	OFF	56.6	47.6	0	AIR	11	0	6.93	1000	12.79	6.93	OFF	OFF	90.0	90.0	ON	55.0
19-04-21 17:15:34	68.5	80.0	65.0	OFF	68.6	64.8	52.7	85.0	35.0	OFF	56.6	47.6	0	AIR	11	0	7.13	1000	12.79	6.93	OFF	OFF	90.0	90.0	ON	55.0
19-04-21 17:15:53	68.5	80.0	65.0	OFF	68.6	64.8	52.6	85.0	35.0	OFF	56.6	47.6	0	AIR	11	0	6.93	1000	12.79	6.93	OFF	OFF	90.0	90.0	ON	55.0
19-04-21 17:30:13	69.3	80.0	65.0	OFF	69.3	64.8	52.2	85.0	35.0	OFF	56.6	47.6	0	AIR	11	0	7.23	1000	12.79	6.74	OFF	OFF	90.0	90.0	ON	55.0
19-04-21 17:30:32	69.3	80.0	65.0	OFF	69.3	64.8	52.1	85.0	35.0	OFF	56.6	47.6	0	AIR	11	0	7.13	1000	12.79	6.74	OFF	OFF	90.0	90.0	ON	55.0
19-04-21 17:30:51	69.3	80.0	65.0	OFF	69.3	64.8	52.0	85.0	35.0	OFF	56.6	47.6	0	AIR	11	0	6.93	1000	12.79	6.74	OFF	OFF	90.0	90.0	ON	55.0
19-04-21 17:45:11	69.9	80.0	65.0	OFF	69.9	64.8	51.2	85.0	35.0	OFF	56.6	47.6	0	AIR	11	0	7.13	1000	12.79	6.74	OFF	OFF	90.0	90.0	ON	55.0
19-04-21 17:45:30	69.9	80.0	65.0	OFF	69.9	64.8	51.3	85.0	35.0	OFF	56.6	47.6	0	AIR	11	0	7.23	1000	12.79	6.74	OFF	OFF	90.0	90.0	ON	55.0
19-04-21 17:45:49	70.0	80.0	65.0	OFF	70.0	64.8	51.2	85.0	35.0	OFF	56.6	47.6	0	AIR	11	0	7.32	1000	12.79	6.74	OFF	OFF	90.0	90.0	ON	55.0
19-04-21 18:00:09	70.3	80.0	65.0	OFF	70.3	64.8	50.1	85.0	35.0	OFF	56.6	47.6	0	AIR	11	0	7.23	1000	12.79	6.74	OFF	OFF	90.0	90.0	ON	55.0
19-04-21 18:00:28	70.3	80.0	65.0	OFF	70.3	64.8	50.0	85.0	35.0	OFF	56.6	47.6	0	AIR	11	0	7.23	1000	12.79	6.74	OFF	OFF	90.0	90.0	ON	55.0
19-04-21 18:00:47	70.3	80.0	65.0	OFF	70.3	64.8	49.9	85.0	35.0	OFF	56.6	47.6	0	AIR	11	0	7.23	1000	12.79	6.74	OFF	OFF	90.0	90.0	ON	55.0
19-04-21 18:15:07	70.5	80.0	65.0	OFF	70.5	64.8	50.1	85.0	35.0	OFF	56.6	47.6	0	AIR	11	0	7.32	1000	12.79	6.74	OFF	OFF	90.0	90.0	ON	55.0
19-04-21 18:15:26	70.5	80.0	65.0	OFF	70.5	64.8	50.1	85.0	35.0	OFF	56.6	47.6	0	AIR	11	0	7.52	1000	12.79	6.74	OFF	OFF	90.0	90.0	ON	55.0
19-04-21 18:15:45	70.6	80.0	65.0	OFF	70.6	64.8	50.4	85.0	35.0	OFF	56.6	47.6	0	AIR	11	0	7.52	1000	12.79	6.74	OFF	OFF	90.0	90.0	ON	55.0
19-04-21 18:30:12	71.0	80.0	65.0	OFF	71.0	70.7	51.3	85.0	35.0	OFF	54.0	50.4	641	PERFECT	642	639	7.71	1000	7.91	7.71	OFF	OFF	90.0	90.0	ON	65.0
19-04-21 18:30:31	71.1	80.0	65.0	OFF	71.1	70.7	51.5	85.0	35.0	OFF	54.0	50.4	640	PERFECT	642	639	7.71	1000	7.91	7.71	OFF	OFF	90.0	90.0	ON	65.0
19-04-21 18:30:51	71.1	80.0	65.0	OFF	71.1	70.7	52.0	85.0	35.0	OFF	54.0	50.4	634	PERFECT	642	634	7.91	1000	7.91	7.71	OFF	OFF	90.0	90.0	ON	65.0
19-04-21 18:45:10	73.4	80.0	65.0	OFF	73.4	70.7	55.9	85.0	35.0	OFF	55.9	50.4	635	PERFECT	647	634	11.52	1000	11.72	7.71	OFF	OFF	90.0	90.0	ON	65.0
19-04-21 18:45:29	73.5	80.0	65.0	OFF	73.5	70.7	55.9	85.0	35.0	OFF	55.9	50.4	640	PERFECT	647	634	11.62	1000	11.72	7.71	OFF	OFF	90.0	90.0	ON	65.0
19-04-21 18:45:49	73.6	80.0	65.0	OFF	73.6	70.7	56.0	85.0	35.0	OFF	56.0	50.4	640	PERFECT	647	634	11.62	1000	11.72	7.71	OFF	OFF	90.0	90.0	ON	65.0
19-04-21 19:00:08	75.4	80.0	65.0	OFF	75.4	70.7	57.5	85.0	35.0	OFF	57.5	50.4	639	PERFECT	648	634	13.57	1000	13.57	7.71	OFF	OFF	90.0	90.0	ON	65.0
19-04-21 19:00:28	75.4	80.0	65.0	OFF	75.4	70.7	57.5	85.0	35.0	OFF	57.5	50.4	640	PERFECT	648	634	13.77	1000	13.77	7.71	OFF	OFF	90.0	90.0	ON	65.0
19-04-21 19:00:47	75.4	80.0	65.0	OFF	75.4	70.7	57.6	85.0	35.0	OFF	57.6	50.4	639	PERFECT	648	634	13.77	1000	13.77	7.71	OFF	OFF	90.0	90.0	ON	65.0
19-04-21 19:15:06	76.6	80.0	65.0	OFF	76.6	70.7	58.6	85.0	35.0	OFF	58.6	50.4	647	PERFECT	648	633	15.14	1000	15.23	7.71	OFF	OFF	90.0	90.0	ON	65.0
19-04-21 19:15:25	76.6	80.0	65.0	OFF	76.6	70.7	58.6	85.0	35.0	OFF	58.6	50.4	639	PERFECT	648	633	15.04	1000	15.23	7.71	OFF	OFF	90.0	90.0	ON	65.0
19-04-21 19:15:44	76.6	80.0	65.0	OFF	76.6	70.7	58.6	85.0	35.0	OFF	58.6	50.4	634	PERFECT	648	633	15.23	1000	15.23	7.71	OFF	OFF	90.0	90.0	ON	65.0
19-04-21 19:30:04	77.5	80.0	65.0	OFF	77.5	70.7	59.1	85.0	35.0	OFF	59.1	50.4	637	PERFECT	648	633	16.11	1000	16.11	7.71	OFF	OFF	90.0	90.0	ON	65.0
19-04-21 19:30:23	77.5	80.0	65.0	OFF	77.5	70.7	59.0	85.0	35.0	OFF	59.1	50.4	644	PERFECT	648	633	16.11	1000	16.11	7.71	OFF	OFF	90.0	90.0	ON	65.0
19-04-21 19:30:42	77.5	80.0	65.0	OFF	77.5	70.7	59.0	85.0	35.0	OFF	59.1	50.4	641	PERFECT	648	633	16.11	1000	16.11	7.71	OFF	OFF	90.0	90.0	ON	65.0
19-04-21 19:45:02	78.0	80.0	65.0	OFF	78.0	70.7	59.4	85.0	35.0	OFF	59.5	50.4	639	PERFECT	648	633	16.8	1000	16.8	7.71	OFF	OFF	90.0	90.0	ON	65.0
19-04-21 19:45:21	78.1	80.0	65.0	OFF	78.1	70.7	59.5	85.0	35.0	OFF	59.5	50.4	638	PERFECT	648	633	16.8	1000	16.8	7.71	OFF	OFF	90.0	90.0	ON	65.0
19-04-21 19:45:40	78.1	80.0	65.0	OFF	78.1	70.7	59.5	85.0	35.0	OFF	59.5	50.4	639	PERFECT	648	633	16.8	1000	16.8	7.71	OFF	OFF	90.0	90.0	ON	65.0
19-04-21 19:45:59	78.1	80.0	65.0	OFF	78.1	70.7	59.5	85.0	35.0	OFF	59.5	50.4	642	PERFECT	648	633	16.89	1000	16.89	7.71	OFF	OFF	90.0	90.0	ON	65.0
19-04-21 20:00:19	78.5	80.0	65.0	OFF	78.6	70.7	59.7	85.0	35.0	OFF	59.8	50.4	641	PERFECT	648	633	17.38	1000	17.48	7.71	OFF	OFF	90.0	90.0	ON	65.0
19-04-21 20:00:38	78.6	80.0	65.0	OFF	78.6	70.7	59.8	85.0	35.0	OFF	59.8	50.4	640	PERFECT	648	633	17.38	1000	17.48	7.71	OFF	OFF	90.0	90.0	ON	65.0
19-04-21 20:00:57	78.6	80.0	65.0	OFF	78.6	70.7	59.8	85.0	35.0	OFF	59.8	50.4	639	PERFECT	648	633	17.48	1000	17.48	7.71	OFF	OFF	90.0	90.0	ON	65.0
19-04-21 20:15:17	78.9	80.0	65.0	OFF	78.9	70.7	59.9	85.0	35.0	OFF	60.0	50.4	643	PERFECT	648	633	17.97	1000	17.97	7.71	OFF	OFF	90.0	90.0	ON	65.0
19-04-21 20:15:36	78.9	80.0	65.0	OFF	78.9	70.7	59.9	85.0	35.0	OFF	60.0	50.4	639	PERFECT	648	633	17.77	1000	17.97	7.71	OFF	OFF	90.0	90.0	ON	65.0
19-04-21 20:15:55	78.9	80.0	65.0	OFF	78.9	70.7	59.9	85.0	35.0	OFF	60.0	50.4	640	PERFECT	648	633	17.87	1000	17.97	7.71	OFF	OFF	90.0	90.0	ON	65.0
19-04-21 20:30:15	79.2	80.0	65.0	OFF	79.2	70.7	60.2	85.0	35.0	OFF	60.2	50.4	646	PERFECT	648	633	18.16	1000	18.26	7.71	OFF	OFF	90.0	90.0	ON	65.0
19-04-21 20:30:34	79.2	80.0	65.0	OFF	79.2	70.7	60.2	85.0	35.0	OFF	60.2	50.4	642	PERFECT	648	633	18.16	1000	18.26	7.71	OFF	OFF	90.0	90.0	ON	65.0
19-04-21 20:30:53	79.2	80.0	65.0	OFF	79.2	70.7	60.3	85.0	35.0	OFF	60.3	50.4	642	PERFECT	648	633	18.16	1000	18.26	7.71	OFF	OFF	90.0	90.0	ON	65.0
19-04-21 20:45:13	79.4	80.0	65.0	OFF	79.4	70.7	60.5	85.0	35.0	OFF	60.5	50.4	644	PERFECT	648	633	18.36	1000	18.65	7.71	OFF	OFF	90.0	90.0	ON	65.0
19-04-21 20:45:32	79.4	80.0	65.0	OFF	79.4	70.7	60.4	85.0	35.0	OFF	60.5	50.4	640	PERFECT	648	633	18.46	1000	18.65	7.71	OFF	OFF	90.0	90.0	ON	65.0
19-04-21 20:45:51	79.4	80.0	65.0	OFF	79.4	70.7	60.5	85.0	35.0	OFF	60.5	50.4	636	PERFECT	648	633	18.36	1000	18.65	7.71	OFF	OFF	90.0	90.0	ON	65.0
19-04-21 21:00:11	79.5	80.0	65.0	OFF	79.5	70.7	60.8	85.0	35.0	OFF	60.8	50.4	640	PERFECT	648	633	18.55	1000	18.65	7.71	OFF	OFF	90.0	90.0	ON	65.0
19-04-21 21:00:30	79.4	80.0	65.0	OFF	79.5	70.7	60.7	85.0	35.0	OFF	60.8	50.4	641	PERFECT	648	633	18.55	1000	18.65	7.71	OFF	OFF	90.0	90.0	ON	65.0
19-04-21 21:00:49	79.4	80.0	65.0	OFF	79.5	70.7	60.7	85.0	35.0	OFF	60.8	50.4	642	PERFECT	648	633	18.65	1000	18.65	7.71	OFF	OFF	90.0	90.0	ON	65.0
19-04-21 21:15:09	79.6	80.0	65.0	OFF	79.6	70.7	61.0	85.0	35.0	OFF	61.0	50.4	642	PERFECT	648	633	18.65	1000	18.85	7.71	OFF	OFF	90.0	90.0	ON	65.0
19-04-21 21:15:28	79.6	80.0	65.0	OFF	79.6	70.7	61.0	85.0	35.0	OFF	61.0	50.4	644	PERFECT	648	633	18.65	1000	18.85	7.71	OFF	OFF	90.0	90.0	ON	65.0
19-04-21 21:15:47	79.6	80.0	65.0	OFF	79.6	70.7	61.0	85.0	35.0	OFF	61.0	50.4	643	PERFECT	648	633	18.85	1000	18.85	7.71	OFF	OFF	90.0	90.0	ON	65.0
19-04-21 21:30:07	79.6	80.0	65.0	OFF	79.7	70.7	61.3	85.0	35.0	OFF	61.3	50.4	642	PERFECT	648	633	18.85	1000	19.14	7.71	OFF	OFF	90.0	90.0	ON	65.0
19-04-21 21:30:26	79.7	80.0	65.0	OFF	79.7	70.7	61.3	85.0	35.0	OFF	61.3	50.4	640	PERFECT	648	633	18.75	1000	19.14	7.71	OFF	OFF	90.0	90.0	ON	65.0
19-04-21 21:30:45	79.6	80.0	65.0	OFF	79.7	70.7	61.3	85.0	35.0	OFF	61.3	50.4	640	PERFECT	648	633	18.85	1000	19.14	7.71	OFF	OFF	90.0	90.0	ON	65.0
19-04-21 21:45:02	79.7	80.0	65.0	OFF	79.7	70.7	61.3	85.0	35.0	OFF	61.4	50.4	640	PERFECT	648	633	19.04	1000	19.24	7.71	OFF	OFF	90.0	90.0	ON	65.0
19-04-21 21:45:22	79.7	80.0	65.0	OFF	79.7	70.7	61.3	85.0	35.0	OFF	61.4	50.4	641	PERFECT	648	633	18.95	1000	19.24	7.71	OFF	OFF	90.0	90.0	ON	65.0
19-04-21 21:45:41	79.7	80.0	65.0	OFF	79.7	70.7	61.3	85.0	35.0	OFF	61.4	50.4	643	PERFECT	648	633	19.04	1000	19.24	7.71	OFF	OFF	90.0	90.0	ON	65.0
19-04-21 22:00:17	79.8	80.0	65.0	OFF	79.9	70.7	61.4	85.0	35.0	OFF	61.4	50.4	642	PERFECT	648	633	19.24	1000	19.34	7.71	OFF	OFF	90.0	90.0	ON	65.0
19-04-21 22:00:36	79.9	80.0	65.0	OFF	79.9	70.7	61.4	85.0	35.0	OFF	61.4	50.4	643	PERFECT	648	633	19.14	1000	19.34	7.71	OFF	OFF	90.0	90.0	ON	65.0
19-04-21 22:00:55	79.9	80.0	65.0	OFF	79.9	70.7	61.4	85.0	35.0	OFF	61.4	50.4	640	PERFECT	648	633	19.04	1000	19.34	7.71	OFF	OFF	90.0	90.0	ON	65.0
19-04-21 22:15:14	80.0	80.0	65.0	ON	80.0	70.7	61.5	85.0	35.0	OFF	61.5	50.4	639	PERFECT	648	633	19.24	1000	19.73	7.71	OFF	OFF	90.0	90.0	ON	65.0
19-04-21 22:15:33	80.0	80.0	65.0	ON	80.0	70.7	61.5	85.0	35.0	OFF	61.5	50.4	641	PERFECT	648	633	19.34	1000	19.73	7.71	OFF	OFF	90.0	90.0	ON	65.0
19-04-21 22:15:52	80.0	80.0	65.0	ON	80.0	70.7	61.5	85.0	35.0	OFF	61.5	50.4	641	PERFECT	648	633	19.53	1000	19.73	7.71	OFF	OFF	90.0	90.0	ON	65.0
19-04-21 22:30:04	78.5	80.0	65.0	OFF	80.1	78.5	46.9	85.0	35.0	OFF	61.5	46.5	642	PERFECT	645	636	9.86	1000	19.14	9.86	OFF	ON	90.0	78.0	ON	65.0
19-04-21 22:30:23	78.4	80.0	65.0	OFF	80.1	78.4	46.9	85.0	35.0	OFF	61.5	46.5	639	PERFECT	645	636	9.86	1000	19.14	9.86	OFF	ON	90.0	78.0	ON	65.0
19-04-21 22:30:42	78.4	80.0	65.0	OFF	80.1	78.4	47.0	85.0	35.0	OFF	61.5	46.5	639	PERFECT	645	636	9.77	1000	19.14	9.77	OFF	ON	90.0	78.0	ON	65.0
19-04-21 22:45:00	77.9	80.0	65.0	OFF	80.1	77.5	54.5	85.0	35.0	OFF	61.5	46.5	633	PERFECT	645	632	14.94	1000	19.14	9.57	OFF	OFF	90.0	78.0	ON	65.0
19-04-21 22:45:20	77.9	80.0	65.0	OFF	80.1	77.5	54.6	85.0	35.0	OFF	61.5	46.5	640	PERFECT	645	632	14.94	1000	19.14	9.57	OFF	OFF	90.0	78.0	ON	65.0
19-04-21 22:45:39	78.0	80.0	65.0	OFF	80.1	77.5	54.7	85.0	35.0	OFF	61.5	46.5	638	PERFECT	645	632	14.94	1000	19.14	9.57	OFF	OFF	90.0	78.0	ON	65.0
19-04-21 22:45:58	78.0	80.0	65.0	OFF	80.1	77.5	54.8	85.0	35.0	OFF	61.5	46.5	640	PERFECT	645	632	15.14	1000	19.14	9.57	OFF	OFF	90.0	78.0	ON	65.0
19-04-21 23:00:15	78.0	80.0	65.0	OFF	80.1	77.5	51.1	85.0	35.0	OFF	61.5	46.5	633	PERFECT	645	628	11.91	1000	19.14	9.57	OFF	OFF	90.0	78.0	ON	65.0
19-04-21 23:00:35	78.0	80.0	65.0	OFF	80.1	77.5	50.6	85.0	35.0	OFF	61.5	46.5	630	PERFECT	645	628	12.01	1000	19.14	9.57	OFF	OFF	90.0	78.0	ON	65.0
19-04-21 23:00:54	78.0	80.0	65.0	OFF	80.1	77.5	50.5	85.0	35.0	OFF	61.5	46.5	632	PERFECT	645	628	12.3	1000	19.14	9.57	OFF	OFF	90.0	78.0	ON	65.0
19-04-21 23:15:12	77.3	80.0	65.0	OFF	80.1	77.3	52.3	85.0	35.0	OFF	61.5	46.5	629	PERFECT	645	627	13.87	1000	19.14	9.57	OFF	OFF	90.0	78.0	ON	65.0
19-04-21 23:15:31	77.4	80.0	65.0	OFF	80.1	77.3	52.6	85.0	35.0	OFF	61.5	46.5	630	PERFECT	645	627	13.96	1000	19.14	9.57	OFF	OFF	90.0	78.0	ON	65.0
19-04-21 23:15:50	77.3	80.0	65.0	OFF	80.1	77.3	52.6	85.0	35.0	OFF	61.5	46.5	632	PERFECT	645	627	14.06	1000	19.14	9.57	OFF	OFF	90.0	78.0	ON	65.0
19-04-21 23:30:18	76.1	80.0	65.0	OFF	76.4	76.1	56.4	85.0	35.0	OFF	56.4	55.6	634	PERFECT	638	634	14.06	1000	14.16	13.87	OFF	OFF	90.0	78.0	OFF	60.0
19-04-21 23:30:37	76.0	80.0	65.0	OFF	76.4	76.0	56.5	85.0	35.0	OFF	56.5	55.6	635	PERFECT	638	634	13.87	1000	14.16	13.87	OFF	OFF	90.0	78.0	OFF	60.0
19-04-21 23:30:56	76.0	80.0	65.0	OFF	76.4	76.0	56.5	85.0	35.0	OFF	56.5	55.6	635	PERFECT	638	634	13.96	1000	14.16	13.87	OFF	OFF	90.0	78.0	OFF	60.0
19-04-21 23:45:13	75.0	80.0	65.0	OFF	76.4	75.0	59.7	85.0	35.0	OFF	59.8	55.6	634	PERFECT	639	632	13.96	1000	14.45	13.77	OFF	OFF	90.0	78.0	OFF	60.0
19-04-21 23:45:32	75.0	80.0	65.0	OFF	76.4	75.0	59.7	85.0	35.0	OFF	59.8	55.6	635	PERFECT	639	632	13.96	1000	14.45	13.77	OFF	OFF	90.0	78.0	OFF	60.0
19-04-21 23:45:51	75.0	80.0	65.0	OFF	76.4	75.0	59.8	85.0	35.0	OFF	59.8	55.6	635	PERFECT	639	632	14.06	1000	14.45	13.77	OFF	OFF	90.0	78.0	OFF	60.0
