19-04-29 00:00:16	nan	80.0	65.0	ON	nan	nan	nan	85.0	35.0	ON	nan	nan	673	PERFECT	676	670	9.57	1000	9.86	9.57	OFF	OFF	90.0	77.0	OFF	70.0
19-04-29 00:00:35	nan	80.0	65.0	ON	nan	nan	nan	85.0	35.0	ON	nan	nan	674	PERFECT	676	670	9.57	1000	9.86	9.57	OFF	OFF	90.0	77.0	OFF	70.0
19-04-29 00:00:55	nan	80.0	65.0	ON	nan	nan	nan	85.0	35.0	ON	nan	nan	675	PERFECT	676	670	9.86	1000	9.86	9.57	OFF	OFF	90.0	77.0	OFF	70.0
19-04-29 00:30:00	67.7	80.0	65.0	OFF	68.2	67.7	79.7	85.0	35.0	OFF	79.7	74.5	671	PERFECT	674	670	8.89	1000	8.89	8.4	OFF	OFF	90.0	77.0	OFF	70.0
19-04-29 00:30:19	67.7	80.0	65.0	OFF	68.2	67.7	79.6	85.0	35.0	OFF	79.7	74.5	672	PERFECT	674	670	8.79	1000	8.89	8.4	OFF	OFF	90.0	77.0	OFF	70.0
19-04-29 00:30:38	67.7	80.0	65.0	OFF	68.2	67.7	79.9	85.0	35.0	OFF	79.9	74.5	672	PERFECT	674	670	8.89	1000	8.89	8.4	OFF	OFF	90.0	77.0	OFF	70.0
19-04-29 00:30:57	67.7	80.0	65.0	OFF	68.2	67.7	80.2	85.0	35.0	OFF	80.2	74.5	671	PERFECT	674	670	8.89	1000	8.89	8.4	OFF	OFF	90.0	77.0	OFF	70.0
19-04-29 00:45:17	67.1	80.0	65.0	OFF	68.2	67.1	87.2	85.0	35.0	ON	87.2	74.5	670	PERFECT	674	670	9.08	1000	9.08	8.4	OFF	OFF	90.0	77.0	OFF	70.0
19-04-29 00:45:36	67.0	80.0	65.0	OFF	68.2	67.0	87.5	85.0	35.0	ON	87.5	74.5	670	PERFECT	674	670	9.18	1000	9.18	8.4	OFF	OFF	90.0	77.0	OFF	70.0
19-04-29 00:45:55	67.0	80.0	65.0	OFF	68.2	67.0	87.6	85.0	35.0	ON	87.6	74.5	671	PERFECT	674	670	9.08	1000	9.18	8.4	OFF	OFF	90.0	77.0	OFF	70.0
19-04-29 01:00:15	66.6	80.0	65.0	OFF	68.2	66.6	92.2	85.0	35.0	ON	92.4	74.5	669	PERFECT	674	669	9.08	1000	9.28	8.4	OFF	OFF	90.0	77.0	OFF	70.0
19-04-29 01:00:34	66.6	80.0	65.0	OFF	68.2	66.6	92.4	85.0	35.0	ON	92.4	74.5	669	PERFECT	674	669	9.08	1000	9.28	8.4	OFF	OFF	90.0	77.0	OFF	70.0
19-04-29 01:00:53	66.6	80.0	65.0	OFF	68.2	66.6	92.6	85.0	35.0	ON	92.6	74.5	669	PERFECT	674	669	9.08	1000	9.28	8.4	OFF	OFF	90.0	77.0	OFF	70.0
19-04-29 01:15:13	66.2	80.0	65.0	OFF	68.2	66.2	94.5	85.0	35.0	ON	94.6	74.5	669	PERFECT	674	667	9.08	1000	9.28	8.4	OFF	OFF	90.0	77.0	OFF	70.0
19-04-29 01:15:33	66.2	80.0	65.0	OFF	68.2	66.2	94.4	85.0	35.0	ON	94.6	74.5	668	PERFECT	674	667	9.08	1000	9.28	8.4	OFF	OFF	90.0	77.0	OFF	70.0
19-04-29 01:15:52	66.3	80.0	65.0	OFF	68.2	66.2	94.5	85.0	35.0	ON	94.6	74.5	666	PERFECT	674	666	9.08	1000	9.28	8.4	OFF	OFF	90.0	77.0	OFF	70.0
19-04-29 01:30:12	65.9	80.0	65.0	OFF	68.2	65.9	96.6	85.0	35.0	ON	96.6	74.5	667	PERFECT	674	664	9.08	1000	9.28	8.4	OFF	OFF	90.0	77.0	OFF	70.0
19-04-29 01:30:31	65.9	80.0	65.0	OFF	68.2	65.9	96.7	85.0	35.0	ON	96.7	74.5	667	PERFECT	674	664	8.98	1000	9.28	8.4	OFF	OFF	90.0	77.0	OFF	70.0
19-04-29 01:30:50	65.9	80.0	65.0	OFF	68.2	65.9	96.7	85.0	35.0	ON	96.7	74.5	668	PERFECT	674	664	8.98	1000	9.28	8.4	OFF	OFF	90.0	77.0	OFF	70.0
19-04-29 01:45:10	65.6	80.0	65.0	OFF	68.2	65.6	97.7	85.0	35.0	ON	97.9	74.5	668	PERFECT	674	664	8.89	1000	9.28	8.4	OFF	OFF	90.0	77.0	OFF	70.0
19-04-29 01:45:29	65.7	80.0	65.0	OFF	68.2	65.6	97.7	85.0	35.0	ON	97.9	74.5	666	PERFECT	674	664	8.89	1000	9.28	8.4	OFF	OFF	90.0	77.0	OFF	70.0
19-04-29 01:45:48	65.7	80.0	65.0	OFF	68.2	65.6	97.8	85.0	35.0	ON	97.9	74.5	668	PERFECT	674	664	8.89	1000	9.28	8.4	OFF	OFF	90.0	77.0	OFF	70.0
19-04-29 02:00:08	65.4	80.0	65.0	OFF	68.2	65.4	98.6	85.0	35.0	ON	98.8	74.5	665	PERFECT	674	664	8.89	1000	9.28	8.4	OFF	OFF	90.0	77.0	OFF	70.0
19-04-29 02:00:27	65.4	80.0	65.0	OFF	68.2	65.4	98.6	85.0	35.0	ON	98.8	74.5	665	PERFECT	674	664	8.89	1000	9.28	8.4	OFF	OFF	90.0	77.0	OFF	70.0
19-04-29 02:00:46	65.4	80.0	65.0	OFF	68.2	65.4	98.8	85.0	35.0	ON	98.8	74.5	664	PERFECT	674	664	8.89	1000	9.28	8.4	OFF	OFF	90.0	77.0	OFF	70.0
19-04-29 02:15:06	65.1	80.0	65.0	OFF	68.2	65.1	99.1	85.0	35.0	ON	99.5	74.5	665	PERFECT	674	664	8.89	1000	9.28	8.4	OFF	OFF	90.0	77.0	OFF	70.0
19-04-29 02:15:26	65.2	80.0	65.0	OFF	68.2	65.1	99.1	85.0	35.0	ON	99.5	74.5	665	PERFECT	674	664	8.89	1000	9.28	8.4	OFF	OFF	90.0	77.0	OFF	70.0
19-04-29 02:15:45	65.1	80.0	65.0	OFF	68.2	65.1	99.0	85.0	35.0	ON	99.5	74.5	665	PERFECT	674	664	8.89	1000	9.28	8.4	OFF	OFF	90.0	77.0	OFF	70.0
19-04-29 02:30:05	65.0	80.0	65.0	ON	68.2	64.9	99.9	85.0	35.0	ON	100.1	74.5	663	PERFECT	674	663	8.89	1000	9.28	8.4	OFF	OFF	90.0	77.0	OFF	70.0
19-04-29 02:30:24	64.9	80.0	65.0	ON	68.2	64.9	100.0	85.0	35.0	ON	100.1	74.5	665	PERFECT	674	663	9.08	1000	9.28	8.4	OFF	OFF	90.0	77.0	OFF	70.0
19-04-29 02:30:43	64.9	80.0	65.0	ON	68.2	64.9	100.0	85.0	35.0	ON	100.1	74.5	664	PERFECT	674	663	8.89	1000	9.28	8.4	OFF	OFF	90.0	77.0	OFF	70.0
19-04-29 02:45:02	64.8	80.0	65.0	ON	68.2	64.8	99.2	85.0	35.0	ON	100.3	74.5	664	PERFECT	674	662	8.79	1000	9.28	8.4	OFF	OFF	90.0	77.0	OFF	70.0
19-04-29 02:45:22	64.8	80.0	65.0	ON	68.2	64.8	99.2	85.0	35.0	ON	100.3	74.5	663	PERFECT	674	662	8.89	1000	9.28	8.4	OFF	OFF	90.0	77.0	OFF	70.0
19-04-29 02:45:41	64.8	80.0	65.0	ON	68.2	64.8	99.2	85.0	35.0	ON	100.3	74.5	664	PERFECT	674	662	8.89	1000	9.28	8.4	OFF	OFF	90.0	77.0	OFF	70.0
19-04-29 03:00:00	64.6	80.0	65.0	ON	68.2	64.6	100.0	85.0	35.0	ON	100.3	74.5	662	PERFECT	674	662	8.69	1000	9.28	8.4	OFF	OFF	90.0	77.0	OFF	70.0
19-04-29 03:00:19	64.6	80.0	65.0	ON	68.2	64.6	100.1	85.0	35.0	ON	100.3	74.5	664	PERFECT	674	662	8.69	1000	9.28	8.4	OFF	OFF	90.0	77.0	OFF	70.0
19-04-29 03:00:38	64.6	80.0	65.0	ON	68.2	64.6	100.3	85.0	35.0	ON	100.3	74.5	663	PERFECT	674	662	8.79	1000	9.28	8.4	OFF	OFF	90.0	77.0	OFF	70.0
19-04-29 03:00:57	64.6	80.0	65.0	ON	68.2	64.6	100.3	85.0	35.0	ON	100.3	74.5	664	PERFECT	674	662	8.79	1000	9.28	8.4	OFF	OFF	90.0	77.0	OFF	70.0
19-04-29 03:15:17	64.5	80.0	65.0	ON	68.2	64.4	99.8	85.0	35.0	ON	100.6	74.5	661	PERFECT	674	660	8.79	1000	9.28	8.4	OFF	OFF	90.0	77.0	OFF	70.0
19-04-29 03:15:36	64.4	80.0	65.0	ON	68.2	64.4	99.7	85.0	35.0	ON	100.6	74.5	663	PERFECT	674	660	8.89	1000	9.28	8.4	OFF	OFF	90.0	77.0	OFF	70.0
19-04-29 03:15:55	64.4	80.0	65.0	ON	68.2	64.4	99.9	85.0	35.0	ON	100.6	74.5	662	PERFECT	674	660	8.69	1000	9.28	8.4	OFF	OFF	90.0	77.0	OFF	70.0
19-04-29 03:30:14	64.3	80.0	65.0	ON	68.2	64.3	99.0	85.0	35.0	ON	100.6	74.5	661	PERFECT	674	660	8.69	1000	9.28	8.4	OFF	OFF	90.0	77.0	OFF	70.0
19-04-29 03:30:33	64.3	80.0	65.0	ON	68.2	64.3	98.9	85.0	35.0	ON	100.6	74.5	660	PERFECT	674	660	8.69	1000	9.28	8.4	OFF	OFF	90.0	77.0	OFF	70.0
19-04-29 03:30:53	64.3	80.0	65.0	ON	68.2	64.3	98.8	85.0	35.0	ON	100.6	74.5	660	PERFECT	674	660	8.59	1000	9.28	8.4	OFF	OFF	90.0	77.0	OFF	70.0
19-04-29 03:45:12	64.2	80.0	65.0	ON	68.2	64.2	98.3	85.0	35.0	ON	100.6	74.5	660	PERFECT	674	659	8.69	1000	9.28	8.4	OFF	OFF	90.0	77.0	OFF	70.0
19-04-29 03:45:32	64.1	80.0	65.0	ON	68.2	64.1	98.3	85.0	35.0	ON	100.6	74.5	660	PERFECT	674	659	8.69	1000	9.28	8.4	OFF	OFF	90.0	77.0	OFF	70.0
19-04-29 03:45:51	64.1	80.0	65.0	ON	68.2	64.1	98.2	85.0	35.0	ON	100.6	74.5	662	PERFECT	674	659	8.69	1000	9.28	8.4	OFF	OFF	90.0	77.0	OFF	70.0
19-04-29 04:00:10	64.1	80.0	65.0	ON	68.2	64.0	98.7	85.0	35.0	ON	100.6	74.5	660	PERFECT	674	658	8.69	1000	9.28	8.4	OFF	OFF	90.0	77.0	OFF	70.0
19-04-29 04:00:29	64.0	80.0	65.0	ON	68.2	64.0	99.0	85.0	35.0	ON	100.6	74.5	660	PERFECT	674	658	8.69	1000	9.28	8.4	OFF	OFF	90.0	77.0	OFF	70.0
19-04-29 04:00:48	64.1	80.0	65.0	ON	68.2	64.0	99.1	85.0	35.0	ON	100.6	74.5	659	PERFECT	674	658	8.59	1000	9.28	8.4	OFF	OFF	90.0	77.0	OFF	70.0
19-04-29 04:15:08	63.9	80.0	65.0	ON	68.2	63.9	98.4	85.0	35.0	ON	100.6	74.5	659	PERFECT	674	658	8.69	1000	9.28	8.4	OFF	OFF	90.0	77.0	OFF	70.0
19-04-29 04:15:27	63.9	80.0	65.0	ON	68.2	63.9	98.3	85.0	35.0	ON	100.6	74.5	660	PERFECT	674	658	8.79	1000	9.28	8.4	OFF	OFF	90.0	77.0	OFF	70.0
19-04-29 04:15:46	63.9	80.0	65.0	ON	68.2	63.9	98.5	85.0	35.0	ON	100.6	74.5	660	PERFECT	674	658	8.89	1000	9.28	8.4	OFF	OFF	90.0	77.0	OFF	70.0
19-04-29 04:30:06	63.9	80.0	65.0	ON	68.2	63.8	99.5	85.0	35.0	ON	100.6	74.5	660	PERFECT	674	658	8.69	1000	9.28	8.4	OFF	OFF	90.0	77.0	OFF	70.0
19-04-29 04:30:25	63.8	80.0	65.0	ON	68.2	63.8	99.3	85.0	35.0	ON	100.6	74.5	656	PERFECT	674	656	8.69	1000	9.28	8.4	OFF	OFF	90.0	77.0	OFF	70.0
19-04-29 04:30:44	63.8	80.0	65.0	ON	68.2	63.8	99.4	85.0	35.0	ON	100.6	74.5	658	PERFECT	674	656	8.69	1000	9.28	8.4	OFF	OFF	90.0	77.0	OFF	70.0
19-04-29 04:45:04	63.7	80.0	65.0	ON	68.2	63.7	99.2	85.0	35.0	ON	100.6	74.5	660	PERFECT	674	656	8.79	1000	9.28	8.4	OFF	OFF	90.0	77.0	OFF	70.0
19-04-29 04:45:23	63.7	80.0	65.0	ON	68.2	63.7	99.1	85.0	35.0	ON	100.6	74.5	660	PERFECT	674	656	8.79	1000	9.28	8.4	OFF	OFF	90.0	77.0	OFF	70.0
19-04-29 04:45:42	63.7	80.0	65.0	ON	68.2	63.7	99.1	85.0	35.0	ON	100.6	74.5	659	PERFECT	674	656	8.79	1000	9.28	8.4	OFF	OFF	90.0	77.0	OFF	70.0
19-04-29 05:00:02	63.6	80.0	65.0	ON	68.2	63.6	99.4	85.0	35.0	ON	100.6	74.5	660	PERFECT	674	656	8.69	1000	9.28	8.4	OFF	OFF	90.0	77.0	OFF	70.0
19-04-29 05:00:21	63.6	80.0	65.0	ON	68.2	63.6	99.4	85.0	35.0	ON	100.6	74.5	660	PERFECT	674	656	8.59	1000	9.28	8.4	OFF	OFF	90.0	77.0	OFF	70.0
19-04-29 05:00:40	63.7	80.0	65.0	ON	68.2	63.6	99.0	85.0	35.0	ON	100.6	74.5	664	PERFECT	674	656	8.5	1000	9.28	8.4	OFF	OFF	90.0	77.0	OFF	70.0
19-04-29 05:00:59	63.7	80.0	65.0	ON	68.2	63.6	96.9	85.0	35.0	ON	100.6	74.5	660	PERFECT	674	656	8.5	1000	9.28	8.4	OFF	OFF	90.0	77.0	OFF	70.0
19-04-29 05:15:00	67.4	80.0	65.0	OFF	68.2	63.6	86.6	85.0	35.0	ON	100.6	74.5	664	PERFECT	674	656	8.98	1000	9.28	8.3	OFF	OFF	90.0	77.0	OFF	70.0
19-04-29 05:15:19	67.5	80.0	65.0	OFF	68.2	63.6	86.5	85.0	35.0	ON	100.6	74.5	662	PERFECT	674	656	9.08	1000	9.28	8.3	OFF	OFF	90.0	77.0	OFF	70.0
19-04-29 05:15:38	67.6	80.0	65.0	OFF	68.2	63.6	86.1	85.0	35.0	ON	100.6	74.5	662	PERFECT	674	656	8.98	1000	9.28	8.3	OFF	OFF	90.0	77.0	OFF	70.0
19-04-29 05:15:57	67.6	80.0	65.0	OFF	68.2	63.6	86.0	85.0	35.0	ON	100.6	74.5	665	PERFECT	674	656	9.08	1000	9.28	8.3	OFF	OFF	90.0	77.0	OFF	70.0
19-04-29 05:30:17	70.0	80.0	65.0	OFF	70.0	63.6	80.0	85.0	35.0	OFF	100.6	74.5	664	PERFECT	674	656	9.67	1000	9.67	8.3	OFF	OFF	90.0	77.0	OFF	70.0
19-04-29 05:30:36	70.0	80.0	65.0	OFF	70.0	63.6	79.8	85.0	35.0	OFF	100.6	74.5	665	PERFECT	674	656	9.47	1000	9.67	8.3	OFF	OFF	90.0	77.0	OFF	70.0
19-04-29 05:30:55	70.0	80.0	65.0	OFF	70.0	63.6	79.7	85.0	35.0	OFF	100.6	74.5	662	PERFECT	674	656	9.67	1000	9.67	8.3	OFF	OFF	90.0	77.0	OFF	70.0
19-04-29 05:45:15	71.4	80.0	65.0	OFF	71.4	63.6	77.8	85.0	35.0	OFF	100.6	74.5	665	PERFECT	674	656	10.06	1000	10.06	8.3	OFF	OFF	90.0	77.0	OFF	70.0
19-04-29 05:45:34	71.4	80.0	65.0	OFF	71.4	63.6	77.7	85.0	35.0	OFF	100.6	74.5	666	PERFECT	674	656	10.06	1000	10.06	8.3	OFF	OFF	90.0	77.0	OFF	70.0
19-04-29 05:45:53	71.4	80.0	65.0	OFF	71.4	63.6	77.6	85.0	35.0	OFF	100.6	74.5	668	PERFECT	674	656	9.96	1000	10.06	8.3	OFF	OFF	90.0	77.0	OFF	70.0
19-04-29 06:00:13	72.3	80.0	65.0	OFF	72.3	63.6	76.4	85.0	35.0	OFF	100.6	74.5	666	PERFECT	674	656	10.35	1000	10.45	8.3	OFF	OFF	90.0	77.0	OFF	70.0
19-04-29 06:00:32	72.3	80.0	65.0	OFF	72.3	63.6	76.3	85.0	35.0	OFF	100.6	74.5	665	PERFECT	674	656	10.35	1000	10.45	8.3	OFF	OFF	90.0	77.0	OFF	70.0
19-04-29 06:00:51	72.3	80.0	65.0	OFF	72.3	63.6	76.3	85.0	35.0	OFF	100.6	74.5	667	PERFECT	674	656	10.25	1000	10.45	8.3	OFF	OFF	90.0	77.0	OFF	70.0
19-04-29 06:15:11	72.9	80.0	65.0	OFF	73.0	63.6	75.5	85.0	35.0	OFF	100.6	74.5	666	PERFECT	674	656	10.64	1000	10.64	8.3	OFF	OFF	90.0	77.0	OFF	70.0
19-04-29 06:15:30	72.9	80.0	65.0	OFF	73.0	63.6	75.5	85.0	35.0	OFF	100.6	74.5	666	PERFECT	674	656	10.55	1000	10.64	8.3	OFF	OFF	90.0	77.0	OFF	70.0
19-04-29 06:15:49	72.9	80.0	65.0	OFF	73.0	63.6	75.5	85.0	35.0	OFF	100.6	74.5	669	PERFECT	674	656	10.84	1000	10.84	8.3	OFF	OFF	90.0	77.0	OFF	70.0
19-04-29 06:30:08	73.3	80.0	65.0	OFF	73.4	63.6	74.9	85.0	35.0	OFF	100.6	74.5	667	PERFECT	674	656	10.84	1000	10.84	8.3	OFF	OFF	90.0	77.0	OFF	70.0
19-04-29 06:30:28	73.3	80.0	65.0	OFF	73.4	63.6	74.9	85.0	35.0	OFF	100.6	74.5	668	PERFECT	674	656	10.84	1000	10.84	8.3	OFF	OFF	90.0	77.0	OFF	70.0
19-04-29 06:30:47	73.3	80.0	65.0	OFF	73.4	63.6	74.9	85.0	35.0	OFF	100.6	74.5	666	PERFECT	674	656	11.23	1000	11.23	8.3	OFF	OFF	90.0	77.0	OFF	70.0
19-04-29 06:45:06	73.7	80.0	65.0	OFF	73.7	63.6	74.4	85.0	35.0	OFF	100.6	74.4	668	PERFECT	674	656	10.84	1000	11.23	8.3	OFF	OFF	90.0	77.0	OFF	70.0
19-04-29 06:45:25	73.7	80.0	65.0	OFF	73.7	63.6	74.4	85.0	35.0	OFF	100.6	74.4	668	PERFECT	674	656	10.94	1000	11.23	8.3	OFF	OFF	90.0	77.0	OFF	70.0
19-04-29 06:45:44	73.7	80.0	65.0	OFF	73.7	63.6	74.4	85.0	35.0	OFF	100.6	74.4	670	PERFECT	674	656	10.84	1000	11.23	8.3	OFF	OFF	90.0	77.0	OFF	70.0
19-04-29 07:00:03	74.0	80.0	65.0	OFF	74.0	63.6	73.8	85.0	35.0	OFF	100.6	73.8	669	PERFECT	674	656	11.04	1000	11.23	8.3	OFF	OFF	90.0	77.0	OFF	70.0
19-04-29 07:00:22	74.1	80.0	65.0	OFF	74.1	63.6	73.9	85.0	35.0	OFF	100.6	73.8	669	PERFECT	674	656	11.13	1000	11.23	8.3	OFF	OFF	90.0	77.0	OFF	70.0
19-04-29 07:00:41	74.0	80.0	65.0	OFF	74.1	63.6	73.8	85.0	35.0	OFF	100.6	73.8	669	PERFECT	674	656	11.13	1000	11.23	8.3	OFF	OFF	90.0	77.0	OFF	70.0
19-04-29 07:15:00	74.3	80.0	65.0	OFF	74.3	63.6	73.5	85.0	35.0	OFF	100.6	73.4	670	PERFECT	674	656	11.23	1000	11.33	8.3	OFF	OFF	90.0	77.0	OFF	70.0
19-04-29 07:15:19	74.3	80.0	65.0	OFF	74.3	63.6	73.5	85.0	35.0	OFF	100.6	73.4	670	PERFECT	674	656	11.23	1000	11.33	8.3	OFF	OFF	90.0	77.0	OFF	70.0
19-04-29 07:15:38	74.3	80.0	65.0	OFF	74.3	63.6	73.5	85.0	35.0	OFF	100.6	73.4	670	PERFECT	674	656	11.23	1000	11.33	8.3	OFF	OFF	90.0	77.0	OFF	70.0
19-04-29 07:15:57	74.3	80.0	65.0	OFF	74.3	63.6	73.5	85.0	35.0	OFF	100.6	73.4	670	PERFECT	674	656	11.33	1000	11.33	8.3	OFF	OFF	90.0	77.0	OFF	70.0
19-04-29 07:30:16	74.5	80.0	65.0	OFF	74.5	63.6	73.0	85.0	35.0	OFF	100.6	73.0	670	PERFECT	674	656	11.33	1000	11.52	8.3	OFF	OFF	90.0	77.0	OFF	70.0
19-04-29 07:30:35	74.5	80.0	65.0	OFF	74.5	63.6	73.0	85.0	35.0	OFF	100.6	73.0	671	PERFECT	674	656	11.23	1000	11.52	8.3	OFF	OFF	90.0	77.0	OFF	70.0
19-04-29 07:30:54	74.5	80.0	65.0	OFF	74.5	63.6	73.1	85.0	35.0	OFF	100.6	73.0	671	PERFECT	674	656	11.43	1000	11.52	8.3	OFF	OFF	90.0	77.0	OFF	70.0
19-04-29 07:45:13	74.6	80.0	65.0	OFF	74.7	63.6	72.8	85.0	35.0	OFF	100.6	72.7	671	PERFECT	674	656	11.43	1000	11.52	8.3	OFF	OFF	90.0	77.0	OFF	70.0
19-04-29 07:45:32	74.6	80.0	65.0	OFF	74.7	63.6	72.7	85.0	35.0	OFF	100.6	72.7	671	PERFECT	674	656	11.33	1000	11.52	8.3	OFF	OFF	90.0	77.0	OFF	70.0
19-04-29 07:45:51	74.7	80.0	65.0	OFF	74.7	63.6	72.8	85.0	35.0	OFF	100.6	72.7	673	PERFECT	674	656	11.13	1000	11.52	8.3	OFF	OFF	90.0	77.0	OFF	70.0
19-04-29 08:00:10	74.8	80.0	65.0	OFF	74.8	63.6	72.4	85.0	35.0	OFF	100.6	72.4	672	PERFECT	675	656	11.43	1000	11.62	8.3	OFF	OFF	90.0	77.0	OFF	70.0
19-04-29 08:00:29	74.8	80.0	65.0	OFF	74.8	63.6	72.4	85.0	35.0	OFF	100.6	72.4	671	PERFECT	675	656	11.43	1000	11.62	8.3	OFF	OFF	90.0	77.0	OFF	70.0
19-04-29 08:00:48	74.8	80.0	65.0	OFF	74.8	63.6	72.4	85.0	35.0	OFF	100.6	72.4	673	PERFECT	675	656	11.43	1000	11.62	8.3	OFF	OFF	90.0	77.0	OFF	70.0
19-04-29 08:15:07	74.9	80.0	65.0	OFF	75.0	63.6	72.1	85.0	35.0	OFF	100.6	72.1	669	PERFECT	675	656	11.52	1000	11.62	8.3	OFF	OFF	90.0	77.0	OFF	70.0
19-04-29 08:15:26	74.9	80.0	65.0	OFF	75.0	63.6	72.1	85.0	35.0	OFF	100.6	72.1	672	PERFECT	675	656	11.52	1000	11.62	8.3	OFF	OFF	90.0	77.0	OFF	70.0
19-04-29 08:15:45	74.9	80.0	65.0	OFF	75.0	63.6	72.1	85.0	35.0	OFF	100.6	72.1	672	PERFECT	675	656	11.43	1000	11.62	8.3	OFF	OFF	90.0	77.0	OFF	70.0
19-04-29 08:30:04	75.0	80.0	65.0	OFF	75.1	63.6	71.9	85.0	35.0	OFF	100.6	71.9	672	PERFECT	675	656	11.52	1000	11.82	8.3	OFF	OFF	90.0	77.0	OFF	70.0
19-04-29 08:30:23	75.0	80.0	65.0	OFF	75.1	63.6	71.9	85.0	35.0	OFF	100.6	71.9	674	PERFECT	675	656	11.52	1000	11.82	8.3	OFF	OFF	90.0	77.0	OFF	70.0
19-04-29 08:30:42	75.0	80.0	65.0	OFF	75.1	63.6	71.9	85.0	35.0	OFF	100.6	71.9	672	PERFECT	675	656	11.43	1000	11.82	8.3	OFF	OFF	90.0	77.0	OFF	70.0
19-04-29 08:45:01	75.2	80.0	65.0	OFF	75.2	63.6	71.8	85.0	35.0	OFF	100.6	71.6	672	PERFECT	675	656	11.62	1000	11.82	8.3	OFF	OFF	90.0	77.0	OFF	70.0
19-04-29 08:45:20	75.2	80.0	65.0	OFF	75.2	63.6	71.8	85.0	35.0	OFF	100.6	71.6	672	PERFECT	675	656	11.62	1000	11.82	8.3	OFF	OFF	90.0	77.0	OFF	70.0
19-04-29 08:45:39	75.1	80.0	65.0	OFF	75.2	63.6	71.7	85.0	35.0	OFF	100.6	71.6	673	PERFECT	675	656	11.62	1000	11.82	8.3	OFF	OFF	90.0	77.0	OFF	70.0
19-04-29 08:45:58	75.1	80.0	65.0	OFF	75.2	63.6	71.7	85.0	35.0	OFF	100.6	71.6	674	PERFECT	675	656	11.62	1000	11.82	8.3	OFF	OFF	90.0	77.0	OFF	70.0
19-04-29 09:00:18	75.2	80.0	65.0	OFF	75.3	63.6	71.5	85.0	35.0	OFF	100.6	71.5	672	PERFECT	676	656	11.62	1000	11.82	8.3	OFF	OFF	90.0	77.0	OFF	70.0
19-04-29 09:00:37	75.3	80.0	65.0	OFF	75.3	63.6	71.6	85.0	35.0	OFF	100.6	71.5	672	PERFECT	676	656	11.62	1000	11.82	8.3	OFF	OFF	90.0	77.0	OFF	70.0
19-04-29 09:00:56	75.3	80.0	65.0	OFF	75.3	63.6	71.5	85.0	35.0	OFF	100.6	71.5	673	PERFECT	676	656	11.62	1000	11.82	8.3	OFF	OFF	90.0	77.0	OFF	70.0
19-04-29 09:15:14	75.2	80.0	65.0	OFF	75.3	63.6	71.3	85.0	35.0	OFF	100.6	71.3	672	PERFECT	676	656	11.62	1000	11.82	8.3	OFF	OFF	90.0	77.0	OFF	70.0
19-04-29 09:15:34	75.3	80.0	65.0	OFF	75.3	63.6	71.3	85.0	35.0	OFF	100.6	71.3	672	PERFECT	676	656	11.62	1000	11.82	8.3	OFF	OFF	90.0	77.0	OFF	70.0
19-04-29 09:15:53	75.2	80.0	65.0	OFF	75.3	63.6	71.3	85.0	35.0	OFF	100.6	71.3	672	PERFECT	676	656	11.62	1000	11.82	8.3	OFF	OFF	90.0	77.0	OFF	70.0
19-04-29 09:30:11	75.3	80.0	65.0	OFF	75.4	63.6	71.2	85.0	35.0	OFF	100.6	71.2	674	PERFECT	676	656	11.62	1000	11.82	8.3	OFF	OFF	90.0	77.0	OFF	70.0
19-04-29 09:30:30	75.3	80.0	65.0	OFF	75.4	63.6	71.2	85.0	35.0	OFF	100.6	71.2	674	PERFECT	676	656	11.62	1000	11.82	8.3	OFF	OFF	90.0	77.0	OFF	70.0
19-04-29 09:30:49	75.3	80.0	65.0	OFF	75.4	63.6	71.2	85.0	35.0	OFF	100.6	71.2	673	PERFECT	676	656	11.62	1000	11.82	8.3	OFF	OFF	90.0	77.0	OFF	70.0
19-04-29 09:45:08	75.4	80.0	65.0	OFF	75.4	63.6	71.0	85.0	35.0	OFF	100.6	71.0	674	PERFECT	676	656	11.62	1000	12.4	8.3	OFF	OFF	90.0	77.0	OFF	70.0
19-04-29 09:45:27	75.4	80.0	65.0	OFF	75.4	63.6	71.0	85.0	35.0	OFF	100.6	71.0	673	PERFECT	676	656	11.62	1000	12.4	8.3	OFF	OFF	90.0	77.0	OFF	70.0
19-04-29 09:45:46	75.3	80.0	65.0	OFF	75.4	63.6	71.0	85.0	35.0	OFF	100.6	71.0	672	PERFECT	676	656	11.52	1000	12.4	8.3	OFF	OFF	90.0	77.0	OFF	70.0
19-04-29 10:00:05	75.4	80.0	65.0	OFF	75.4	63.6	71.0	85.0	35.0	OFF	100.6	70.9	674	PERFECT	676	656	11.72	1000	12.4	8.3	OFF	OFF	90.0	77.0	OFF	70.0
19-04-29 10:00:24	75.4	80.0	65.0	OFF	75.4	63.6	70.9	85.0	35.0	OFF	100.6	70.9	674	PERFECT	676	656	11.82	1000	12.4	8.3	OFF	OFF	90.0	77.0	OFF	70.0
19-04-29 10:00:43	75.4	80.0	65.0	OFF	75.4	63.6	70.9	85.0	35.0	OFF	100.6	70.9	672	PERFECT	676	656	11.72	1000	12.4	8.3	OFF	OFF	90.0	77.0	OFF	70.0
19-04-29 10:15:02	75.4	80.0	65.0	OFF	75.5	63.6	70.7	85.0	35.0	OFF	100.6	70.7	673	PERFECT	676	656	11.62	1000	12.4	8.3	OFF	OFF	90.0	77.0	OFF	70.0
19-04-29 10:15:21	75.4	80.0	65.0	OFF	75.5	63.6	70.7	85.0	35.0	OFF	100.6	70.7	674	PERFECT	676	656	11.62	1000	12.4	8.3	OFF	OFF	90.0	77.0	OFF	70.0
19-04-29 10:15:40	75.4	80.0	65.0	OFF	75.5	63.6	70.7	85.0	35.0	OFF	100.6	70.7	673	PERFECT	676	656	11.62	1000	12.4	8.3	OFF	OFF	90.0	77.0	OFF	70.0
19-04-29 10:15:59	75.4	80.0	65.0	OFF	75.5	63.6	70.7	85.0	35.0	OFF	100.6	70.7	674	PERFECT	676	656	11.62	1000	12.4	8.3	OFF	OFF	90.0	77.0	OFF	70.0
19-04-29 10:30:18	75.4	80.0	65.0	OFF	75.5	63.6	70.8	85.0	35.0	OFF	100.6	70.7	676	PERFECT	678	656	11.52	1000	12.4	8.3	OFF	OFF	90.0	77.0	OFF	70.0
19-04-29 10:30:37	75.3	80.0	65.0	OFF	75.5	63.6	70.8	85.0	35.0	OFF	100.6	70.7	674	PERFECT	678	656	11.52	1000	12.4	8.3	OFF	OFF	90.0	77.0	OFF	70.0
19-04-29 10:30:56	75.3	80.0	65.0	OFF	75.5	63.6	70.8	85.0	35.0	OFF	100.6	70.7	676	PERFECT	678	656	11.62	1000	12.4	8.3	OFF	OFF	90.0	77.0	OFF	70.0
19-04-29 10:45:15	75.3	80.0	65.0	OFF	75.5	63.6	70.6	85.0	35.0	OFF	100.6	70.6	675	PERFECT	678	656	11.62	1000	12.4	8.3	OFF	OFF	90.0	77.0	OFF	70.0
19-04-29 10:45:34	75.3	80.0	65.0	OFF	75.5	63.6	70.6	85.0	35.0	OFF	100.6	70.6	674	PERFECT	678	656	11.62	1000	12.4	8.3	OFF	OFF	90.0	77.0	OFF	70.0
19-04-29 10:45:53	75.3	80.0	65.0	OFF	75.5	63.6	70.6	85.0	35.0	OFF	100.6	70.6	674	PERFECT	678	656	11.52	1000	12.4	8.3	OFF	OFF	90.0	77.0	OFF	70.0
19-04-29 11:00:12	75.2	80.0	65.0	OFF	75.5	63.6	70.6	85.0	35.0	OFF	100.6	70.6	674	PERFECT	678	656	11.52	1000	12.4	8.3	OFF	OFF	90.0	77.0	OFF	70.0
19-04-29 11:00:31	75.2	80.0	65.0	OFF	75.5	63.6	70.6	85.0	35.0	OFF	100.6	70.6	674	PERFECT	678	656	11.43	1000	12.4	8.3	OFF	OFF	90.0	77.0	OFF	70.0
19-04-29 11:00:50	75.2	80.0	65.0	OFF	75.5	63.6	70.6	85.0	35.0	OFF	100.6	70.6	673	PERFECT	678	656	11.52	1000	12.4	8.3	OFF	OFF	90.0	77.0	OFF	70.0
19-04-29 11:15:07	75.2	80.0	65.0	OFF	75.5	63.6	70.6	85.0	35.0	OFF	100.6	70.5	675	PERFECT	678	656	11.43	1000	12.4	8.3	OFF	OFF	90.0	77.0	OFF	70.0
19-04-29 11:15:26	75.2	80.0	65.0	OFF	75.5	63.6	70.5	85.0	35.0	OFF	100.6	70.5	673	PERFECT	678	656	11.62	1000	12.4	8.3	OFF	OFF	90.0	77.0	OFF	70.0
19-04-29 11:15:45	75.2	80.0	65.0	OFF	75.5	63.6	70.6	85.0	35.0	OFF	100.6	70.5	674	PERFECT	678	656	11.33	1000	12.4	8.3	OFF	OFF	90.0	77.0	OFF	70.0
19-04-29 11:30:01	75.2	80.0	65.0	OFF	75.5	63.6	70.6	85.0	35.0	OFF	100.6	70.5	674	PERFECT	678	656	11.33	1000	12.4	8.3	OFF	OFF	90.0	77.0	OFF	70.0
19-04-29 11:30:20	75.1	80.0	65.0	OFF	75.5	63.6	70.5	85.0	35.0	OFF	100.6	70.5	674	PERFECT	678	656	11.43	1000	12.4	8.3	OFF	OFF	90.0	77.0	OFF	70.0
19-04-29 11:30:39	75.1	80.0	65.0	OFF	75.5	63.6	70.5	85.0	35.0	OFF	100.6	70.5	674	PERFECT	678	656	11.43	1000	12.4	8.3	OFF	OFF	90.0	77.0	OFF	70.0
19-04-29 11:30:58	75.2	80.0	65.0	OFF	75.5	63.6	70.6	85.0	35.0	OFF	100.6	70.5	677	PERFECT	678	656	11.33	1000	12.4	8.3	OFF	OFF	90.0	77.0	OFF	70.0
19-04-29 11:45:15	75.1	80.0	65.0	OFF	75.5	63.6	70.6	85.0	35.0	OFF	100.6	70.5	673	PERFECT	678	656	11.33	1000	12.4	8.3	OFF	OFF	90.0	77.0	OFF	70.0
19-04-29 11:45:34	75.1	80.0	65.0	OFF	75.5	63.6	70.6	85.0	35.0	OFF	100.6	70.5	672	PERFECT	678	656	11.43	1000	12.4	8.3	OFF	OFF	90.0	77.0	OFF	70.0
19-04-29 11:45:53	75.1	80.0	65.0	OFF	75.5	63.6	70.6	85.0	35.0	OFF	100.6	70.5	674	PERFECT	678	656	11.43	1000	12.4	8.3	OFF	OFF	90.0	77.0	OFF	70.0
19-04-29 12:00:11	75.1	80.0	65.0	OFF	75.5	63.6	70.6	85.0	35.0	OFF	100.6	70.5	673	PERFECT	678	656	11.43	1000	12.4	8.3	OFF	OFF	90.0	77.0	OFF	70.0
19-04-29 12:00:30	75.1	80.0	65.0	OFF	75.5	63.6	70.5	85.0	35.0	OFF	100.6	70.5	675	PERFECT	678	656	11.43	1000	12.4	8.3	OFF	OFF	90.0	77.0	OFF	70.0
19-04-29 12:00:50	75.1	80.0	65.0	OFF	75.5	63.6	70.5	85.0	35.0	OFF	100.6	70.5	672	PERFECT	678	656	11.23	1000	12.4	8.3	OFF	OFF	90.0	77.0	OFF	70.0
19-04-29 12:15:08	75.1	80.0	65.0	OFF	75.5	63.6	70.5	85.0	35.0	OFF	100.6	70.4	673	PERFECT	678	656	11.43	1000	12.4	8.3	OFF	OFF	90.0	77.0	OFF	70.0
19-04-29 12:15:28	75.1	80.0	65.0	OFF	75.5	63.6	70.5	85.0	35.0	OFF	100.6	70.4	673	PERFECT	678	656	11.43	1000	12.4	8.3	OFF	OFF	90.0	77.0	OFF	70.0
19-04-29 12:15:47	75.0	80.0	65.0	OFF	75.5	63.6	70.5	85.0	35.0	OFF	100.6	70.4	673	PERFECT	678	656	11.33	1000	12.4	8.3	OFF	OFF	90.0	77.0	OFF	70.0
19-04-29 12:30:06	75.1	80.0	65.0	OFF	75.5	63.6	70.5	85.0	35.0	OFF	100.6	70.4	674	PERFECT	678	656	11.43	1000	12.4	8.3	OFF	OFF	90.0	77.0	OFF	70.0
19-04-29 12:30:25	75.0	80.0	65.0	OFF	75.5	63.6	70.5	85.0	35.0	OFF	100.6	70.4	673	PERFECT	678	656	11.33	1000	12.4	8.3	OFF	OFF	90.0	77.0	OFF	70.0
19-04-29 12:30:44	75.0	80.0	65.0	OFF	75.5	63.6	70.4	85.0	35.0	OFF	100.6	70.4	673	PERFECT	678	656	11.33	1000	12.4	8.3	OFF	OFF	90.0	77.0	OFF	70.0
19-04-29 12:45:02	75.0	80.0	65.0	OFF	75.5	63.6	70.5	85.0	35.0	OFF	100.6	70.4	673	PERFECT	678	656	11.43	1000	12.4	8.3	OFF	OFF	90.0	77.0	OFF	70.0
19-04-29 12:45:21	75.0	80.0	65.0	OFF	75.5	63.6	70.5	85.0	35.0	OFF	100.6	70.4	673	PERFECT	678	656	11.43	1000	12.4	8.3	OFF	OFF	90.0	77.0	OFF	70.0
19-04-29 12:45:41	75.0	80.0	65.0	OFF	75.5	63.6	70.4	85.0	35.0	OFF	100.6	70.4	673	PERFECT	678	656	11.23	1000	12.4	8.3	OFF	OFF	90.0	77.0	OFF	70.0
19-04-29 13:00:18	75.0	80.0	65.0	OFF	75.5	63.6	70.4	85.0	35.0	OFF	100.6	70.3	673	PERFECT	678	656	11.33	1000	12.4	8.3	OFF	OFF	90.0	77.0	OFF	70.0
19-04-29 13:00:37	75.1	80.0	65.0	OFF	75.5	63.6	70.5	85.0	35.0	OFF	100.6	70.3	673	PERFECT	678	656	11.23	1000	12.4	8.3	OFF	OFF	90.0	77.0	OFF	70.0
19-04-29 13:00:56	75.1	80.0	65.0	OFF	75.5	63.6	70.4	85.0	35.0	OFF	100.6	70.3	674	PERFECT	678	656	11.33	1000	12.4	8.3	OFF	OFF	90.0	77.0	OFF	70.0
19-04-29 13:15:14	75.0	80.0	65.0	OFF	75.5	63.6	70.5	85.0	35.0	OFF	100.6	70.3	673	PERFECT	678	656	11.33	1000	12.4	8.3	OFF	OFF	90.0	77.0	OFF	70.0
19-04-29 13:15:33	75.0	80.0	65.0	OFF	75.5	63.6	70.5	85.0	35.0	OFF	100.6	70.3	673	PERFECT	678	656	11.23	1000	12.4	8.3	OFF	OFF	90.0	77.0	OFF	70.0
19-04-29 13:15:53	75.0	80.0	65.0	OFF	75.5	63.6	70.5	85.0	35.0	OFF	100.6	70.3	671	PERFECT	678	656	11.23	1000	12.4	8.3	OFF	OFF	90.0	77.0	OFF	70.0
19-04-29 13:30:09	75.0	80.0	65.0	OFF	75.5	63.6	70.5	85.0	35.0	OFF	100.6	70.3	672	PERFECT	678	656	11.43	1000	12.4	8.3	OFF	OFF	90.0	77.0	OFF	70.0
19-04-29 13:30:28	75.0	80.0	65.0	OFF	75.5	63.6	70.5	85.0	35.0	OFF	100.6	70.3	671	PERFECT	678	656	11.23	1000	12.4	8.3	OFF	OFF	90.0	77.0	OFF	70.0
19-04-29 13:30:47	75.0	80.0	65.0	OFF	75.5	63.6	70.6	85.0	35.0	OFF	100.6	70.3	672	PERFECT	678	656	11.23	1000	12.4	8.3	OFF	OFF	90.0	77.0	OFF	70.0
19-04-29 13:45:03	75.0	80.0	65.0	OFF	75.5	63.6	70.4	85.0	35.0	OFF	100.6	70.3	672	PERFECT	678	656	11.23	1000	12.4	8.3	OFF	OFF	90.0	77.0	OFF	70.0
19-04-29 13:45:22	75.0	80.0	65.0	OFF	75.5	63.6	70.4	85.0	35.0	OFF	100.6	70.3	672	PERFECT	678	656	11.23	1000	12.4	8.3	OFF	OFF	90.0	77.0	OFF	70.0
19-04-29 13:45:41	75.0	80.0	65.0	OFF	75.5	63.6	70.4	85.0	35.0	OFF	100.6	70.3	672	PERFECT	678	656	11.23	1000	12.4	8.3	OFF	OFF	90.0	77.0	OFF	70.0
19-04-29 14:00:16	75.0	80.0	65.0	OFF	75.5	63.6	70.6	85.0	35.0	OFF	100.6	70.3	670	PERFECT	678	656	11.23	1000	12.4	8.3	OFF	OFF	90.0	77.0	OFF	70.0
19-04-29 14:00:36	75.0	80.0	65.0	OFF	75.5	63.6	70.6	85.0	35.0	OFF	100.6	70.3	670	PERFECT	678	656	11.33	1000	12.4	8.3	OFF	OFF	90.0	77.0	OFF	70.0
19-04-29 14:00:55	75.0	80.0	65.0	OFF	75.5	63.6	70.5	85.0	35.0	OFF	100.6	70.3	671	PERFECT	678	656	11.33	1000	12.4	8.3	OFF	OFF	90.0	77.0	OFF	70.0
19-04-29 14:15:12	75.0	80.0	65.0	OFF	75.5	63.6	70.6	85.0	35.0	OFF	100.6	70.3	672	PERFECT	678	656	11.23	1000	12.4	8.3	OFF	OFF	90.0	77.0	OFF	70.0
19-04-29 14:15:31	75.0	80.0	65.0	OFF	75.5	63.6	70.5	85.0	35.0	OFF	100.6	70.3	671	PERFECT	678	656	11.33	1000	12.4	8.3	OFF	OFF	90.0	77.0	OFF	70.0
19-04-29 14:15:50	75.0	80.0	65.0	OFF	75.5	63.6	70.6	85.0	35.0	OFF	100.6	70.3	672	PERFECT	678	656	11.33	1000	12.4	8.3	OFF	OFF	90.0	77.0	OFF	70.0
19-04-29 14:30:09	75.0	80.0	65.0	OFF	75.5	63.6	70.7	85.0	35.0	OFF	100.6	70.3	671	PERFECT	678	656	11.23	1000	12.4	8.3	OFF	OFF	90.0	77.0	OFF	70.0
19-04-29 14:30:28	75.0	80.0	65.0	OFF	75.5	63.6	70.7	85.0	35.0	OFF	100.6	70.3	671	PERFECT	678	656	11.43	1000	12.4	8.3	OFF	OFF	90.0	77.0	OFF	70.0
19-04-29 14:30:47	75.0	80.0	65.0	OFF	75.5	63.6	70.8	85.0	35.0	OFF	100.6	70.3	671	PERFECT	678	656	11.43	1000	12.4	8.3	OFF	OFF	90.0	77.0	OFF	70.0
19-04-29 14:45:06	75.0	80.0	65.0	OFF	75.5	63.6	70.8	85.0	35.0	OFF	100.6	70.3	671	PERFECT	678	656	11.43	1000	12.4	8.3	OFF	OFF	90.0	77.0	OFF	70.0
19-04-29 14:45:25	75.0	80.0	65.0	OFF	75.5	63.6	70.8	85.0	35.0	OFF	100.6	70.3	672	PERFECT	678	656	11.23	1000	12.4	8.3	OFF	OFF	90.0	77.0	OFF	70.0
19-04-29 14:45:44	75.0	80.0	65.0	OFF	75.5	63.6	70.8	85.0	35.0	OFF	100.6	70.3	674	PERFECT	678	656	11.33	1000	12.4	8.3	OFF	OFF	90.0	77.0	OFF	70.0
19-04-29 15:00:03	75.1	80.0	65.0	OFF	75.5	63.6	70.8	85.0	35.0	OFF	100.6	70.3	671	PERFECT	678	656	11.33	1000	12.4	8.3	OFF	OFF	90.0	77.0	OFF	70.0
19-04-29 15:00:22	75.1	80.0	65.0	OFF	75.5	63.6	70.8	85.0	35.0	OFF	100.6	70.3	672	PERFECT	678	656	11.33	1000	12.4	8.3	OFF	OFF	90.0	77.0	OFF	70.0
19-04-29 15:00:41	75.1	80.0	65.0	OFF	75.5	63.6	70.8	85.0	35.0	OFF	100.6	70.3	673	PERFECT	678	656	11.52	1000	12.4	8.3	OFF	OFF	90.0	77.0	OFF	70.0
19-04-29 15:15:00	75.1	80.0	65.0	OFF	75.5	63.6	70.7	85.0	35.0	OFF	100.6	70.3	671	PERFECT	678	656	11.43	1000	12.4	8.3	OFF	OFF	90.0	77.0	OFF	70.0
19-04-29 15:15:19	75.2	80.0	65.0	OFF	75.5	63.6	70.7	85.0	35.0	OFF	100.6	70.3	672	PERFECT	678	656	11.33	1000	12.4	8.3	OFF	OFF	90.0	77.0	OFF	70.0
19-04-29 15:15:38	75.2	80.0	65.0	OFF	75.5	63.6	70.8	85.0	35.0	OFF	100.6	70.3	672	PERFECT	678	656	11.43	1000	12.4	8.3	OFF	OFF	90.0	77.0	OFF	70.0
19-04-29 15:15:57	75.1	80.0	65.0	OFF	75.5	63.6	70.7	85.0	35.0	OFF	100.6	70.3	672	PERFECT	678	656	11.43	1000	12.4	8.3	OFF	OFF	90.0	77.0	OFF	70.0
19-04-29 15:30:16	75.1	80.0	65.0	OFF	75.5	63.6	70.8	85.0	35.0	OFF	100.6	70.3	673	PERFECT	678	656	11.43	1000	12.4	8.3	OFF	OFF	90.0	77.0	OFF	70.0
19-04-29 15:30:35	75.2	80.0	65.0	OFF	75.5	63.6	70.9	85.0	35.0	OFF	100.6	70.3	672	PERFECT	678	656	11.43	1000	12.4	8.3	OFF	OFF	90.0	77.0	OFF	70.0
19-04-29 15:30:54	75.1	80.0	65.0	OFF	75.5	63.6	70.8	85.0	35.0	OFF	100.6	70.3	672	PERFECT	678	656	11.43	1000	12.4	8.3	OFF	OFF	90.0	77.0	OFF	70.0
19-04-29 15:45:13	75.2	80.0	65.0	OFF	75.5	63.6	71.0	85.0	35.0	OFF	100.6	70.3	674	PERFECT	678	656	11.43	1000	12.4	8.3	OFF	OFF	90.0	77.0	OFF	70.0
19-04-29 15:45:32	75.2	80.0	65.0	OFF	75.5	63.6	71.0	85.0	35.0	OFF	100.6	70.3	673	PERFECT	678	656	11.43	1000	12.4	8.3	OFF	OFF	90.0	77.0	OFF	70.0
19-04-29 15:45:51	75.2	80.0	65.0	OFF	75.5	63.6	71.0	85.0	35.0	OFF	100.6	70.3	674	PERFECT	678	656	11.43	1000	12.4	8.3	OFF	OFF	90.0	77.0	OFF	70.0
19-04-29 16:00:10	75.2	80.0	65.0	OFF	75.5	63.6	70.9	85.0	35.0	OFF	100.6	70.3	671	PERFECT	678	656	11.52	1000	12.4	8.3	OFF	OFF	90.0	77.0	OFF	70.0
19-04-29 16:00:29	75.2	80.0	65.0	OFF	75.5	63.6	70.9	85.0	35.0	OFF	100.6	70.3	670	PERFECT	678	656	11.52	1000	12.4	8.3	OFF	OFF	90.0	77.0	OFF	70.0
19-04-29 16:00:48	75.3	80.0	65.0	OFF	75.5	63.6	70.9	85.0	35.0	OFF	100.6	70.3	670	PERFECT	678	656	11.43	1000	12.4	8.3	OFF	OFF	90.0	77.0	OFF	70.0
19-04-29 16:15:07	75.3	80.0	65.0	OFF	75.5	63.6	71.0	85.0	35.0	OFF	100.6	70.3	671	PERFECT	678	656	11.62	1000	12.4	8.3	OFF	OFF	90.0	77.0	OFF	70.0
19-04-29 16:15:26	75.3	80.0	65.0	OFF	75.5	63.6	71.0	85.0	35.0	OFF	100.6	70.3	672	PERFECT	678	656	11.52	1000	12.4	8.3	OFF	OFF	90.0	77.0	OFF	70.0
19-04-29 16:15:45	75.2	80.0	65.0	OFF	75.5	63.6	70.9	85.0	35.0	OFF	100.6	70.3	672	PERFECT	678	656	11.62	1000	12.4	8.3	OFF	OFF	90.0	77.0	OFF	70.0
19-04-29 16:30:04	75.4	80.0	65.0	OFF	75.5	63.6	71.1	85.0	35.0	OFF	100.6	70.3	671	PERFECT	678	656	11.62	1000	12.4	8.3	OFF	OFF	90.0	77.0	OFF	70.0
19-04-29 16:30:23	75.4	80.0	65.0	OFF	75.5	63.6	71.1	85.0	35.0	OFF	100.6	70.3	671	PERFECT	678	656	11.52	1000	12.4	8.3	OFF	OFF	90.0	77.0	OFF	70.0
19-04-29 16:30:42	75.4	80.0	65.0	OFF	75.5	63.6	71.1	85.0	35.0	OFF	100.6	70.3	671	PERFECT	678	656	11.52	1000	12.4	8.3	OFF	OFF	90.0	77.0	OFF	70.0
19-04-29 16:45:01	75.3	80.0	65.0	OFF	75.5	63.6	71.1	85.0	35.0	OFF	100.6	70.3	672	PERFECT	678	656	11.52	1000	12.4	8.3	OFF	OFF	90.0	77.0	OFF	70.0
19-04-29 16:45:20	75.4	80.0	65.0	OFF	75.5	63.6	71.1	85.0	35.0	OFF	100.6	70.3	672	PERFECT	678	656	11.52	1000	12.4	8.3	OFF	OFF	90.0	77.0	OFF	70.0
19-04-29 16:45:39	75.4	80.0	65.0	OFF	75.5	63.6	71.1	85.0	35.0	OFF	100.6	70.3	672	PERFECT	678	656	11.52	1000	12.4	8.3	OFF	OFF	90.0	77.0	OFF	70.0
19-04-29 16:45:58	75.4	80.0	65.0	OFF	75.5	63.6	71.1	85.0	35.0	OFF	100.6	70.3	673	PERFECT	678	656	11.52	1000	12.4	8.3	OFF	OFF	90.0	77.0	OFF	70.0
19-04-29 17:00:17	75.4	80.0	65.0	OFF	75.5	63.6	71.1	85.0	35.0	OFF	100.6	70.3	670	PERFECT	678	656	11.52	1000	12.4	8.3	OFF	OFF	90.0	77.0	OFF	70.0
19-04-29 17:00:36	75.4	80.0	65.0	OFF	75.5	63.6	71.0	85.0	35.0	OFF	100.6	70.3	669	PERFECT	678	656	11.62	1000	12.4	8.3	OFF	OFF	90.0	77.0	OFF	70.0
19-04-29 17:00:55	75.4	80.0	65.0	OFF	75.5	63.6	71.1	85.0	35.0	OFF	100.6	70.3	671	PERFECT	678	656	11.72	1000	12.4	8.3	OFF	OFF	90.0	77.0	OFF	70.0
19-04-29 17:15:14	75.5	80.0	65.0	OFF	75.5	63.6	71.1	85.0	35.0	OFF	100.6	70.3	670	PERFECT	678	656	11.62	1000	12.4	8.3	OFF	OFF	90.0	77.0	OFF	70.0
19-04-29 17:15:33	75.5	80.0	65.0	OFF	75.5	63.6	71.1	85.0	35.0	OFF	100.6	70.3	672	PERFECT	678	656	11.62	1000	12.4	8.3	OFF	OFF	90.0	77.0	OFF	70.0
19-04-29 17:15:52	75.5	80.0	65.0	OFF	75.5	63.6	71.1	85.0	35.0	OFF	100.6	70.3	672	PERFECT	678	656	11.62	1000	12.4	8.3	OFF	OFF	90.0	77.0	OFF	70.0
19-04-29 17:30:11	75.5	80.0	65.0	OFF	75.5	63.6	71.0	85.0	35.0	OFF	100.6	70.3	669	PERFECT	678	656	11.62	1000	12.4	8.3	OFF	OFF	90.0	77.0	OFF	70.0
19-04-29 17:30:30	75.5	80.0	65.0	OFF	75.5	63.6	71.0	85.0	35.0	OFF	100.6	70.3	670	PERFECT	678	656	11.52	1000	12.4	8.3	OFF	OFF	90.0	77.0	OFF	70.0
19-04-29 17:30:49	75.5	80.0	65.0	OFF	75.5	63.6	71.1	85.0	35.0	OFF	100.6	70.3	670	PERFECT	678	656	12.01	1000	12.4	8.3	OFF	OFF	90.0	77.0	OFF	70.0
19-04-29 17:45:07	75.5	80.0	65.0	OFF	75.6	63.6	71.1	85.0	35.0	OFF	100.6	70.3	670	PERFECT	678	656	11.62	1000	12.4	8.3	OFF	OFF	90.0	77.0	OFF	70.0
19-04-29 17:45:26	75.5	80.0	65.0	OFF	75.6	63.6	71.1	85.0	35.0	OFF	100.6	70.3	670	PERFECT	678	656	11.72	1000	12.4	8.3	OFF	OFF	90.0	77.0	OFF	70.0
19-04-29 17:45:45	75.5	80.0	65.0	OFF	75.6	63.6	71.1	85.0	35.0	OFF	100.6	70.3	671	PERFECT	678	656	11.62	1000	12.4	8.3	OFF	OFF	90.0	77.0	OFF	70.0
19-04-29 18:00:04	75.5	80.0	65.0	OFF	75.6	63.6	71.1	85.0	35.0	OFF	100.6	70.3	670	PERFECT	678	656	11.62	1000	12.4	8.3	OFF	OFF	90.0	77.0	OFF	70.0
19-04-29 18:00:23	75.5	80.0	65.0	OFF	75.6	63.6	71.1	85.0	35.0	OFF	100.6	70.3	673	PERFECT	678	656	11.72	1000	12.4	8.3	OFF	OFF	90.0	77.0	OFF	70.0
19-04-29 18:00:42	75.5	80.0	65.0	OFF	75.6	63.6	71.1	85.0	35.0	OFF	100.6	70.3	670	PERFECT	678	656	11.62	1000	12.4	8.3	OFF	OFF	90.0	77.0	OFF	70.0
19-04-29 18:15:01	75.6	80.0	65.0	OFF	75.6	63.6	71.0	85.0	35.0	OFF	100.6	70.3	670	PERFECT	678	656	11.62	1000	12.4	8.3	OFF	OFF	90.0	77.0	OFF	70.0
19-04-29 18:15:20	75.5	80.0	65.0	OFF	75.6	63.6	71.0	85.0	35.0	OFF	100.6	70.3	669	PERFECT	678	656	11.62	1000	12.4	8.3	OFF	OFF	90.0	77.0	OFF	70.0
19-04-29 18:15:39	75.6	80.0	65.0	OFF	75.6	63.6	71.1	85.0	35.0	OFF	100.6	70.3	671	PERFECT	678	656	11.72	1000	12.4	8.3	OFF	OFF	90.0	77.0	OFF	70.0
19-04-29 18:15:58	75.6	80.0	65.0	OFF	75.6	63.6	71.1	85.0	35.0	OFF	100.6	70.3	670	PERFECT	678	656	11.62	1000	12.4	8.3	OFF	OFF	90.0	77.0	OFF	70.0
19-04-29 18:30:17	75.6	80.0	65.0	OFF	75.6	63.6	71.1	85.0	35.0	OFF	100.6	70.3	669	PERFECT	678	656	11.62	1000	12.4	8.3	OFF	OFF	90.0	77.0	OFF	70.0
19-04-29 18:30:36	75.5	80.0	65.0	OFF	75.6	63.6	71.0	85.0	35.0	OFF	100.6	70.3	670	PERFECT	678	656	11.62	1000	12.4	8.3	OFF	OFF	90.0	77.0	OFF	70.0
19-04-29 18:30:55	75.6	80.0	65.0	OFF	75.6	63.6	71.0	85.0	35.0	OFF	100.6	70.3	671	PERFECT	678	656	11.72	1000	12.4	8.3	OFF	OFF	90.0	77.0	OFF	70.0
19-04-29 18:45:14	75.6	80.0	65.0	OFF	75.6	63.6	71.1	85.0	35.0	OFF	100.6	70.3	669	PERFECT	678	656	11.72	1000	12.4	8.3	OFF	OFF	90.0	77.0	OFF	70.0
19-04-29 18:45:33	75.6	80.0	65.0	OFF	75.6	63.6	71.1	85.0	35.0	OFF	100.6	70.3	670	PERFECT	678	656	11.72	1000	12.4	8.3	OFF	OFF	90.0	77.0	OFF	70.0
19-04-29 18:45:52	75.6	80.0	65.0	OFF	75.6	63.6	71.1	85.0	35.0	OFF	100.6	70.3	669	PERFECT	678	656	11.72	1000	12.4	8.3	OFF	OFF	90.0	77.0	OFF	70.0
19-04-29 19:00:11	76.0	80.0	65.0	OFF	76.0	63.6	70.9	85.0	35.0	OFF	100.6	70.3	669	PERFECT	678	656	12.01	1000	12.4	8.3	OFF	OFF	90.0	77.0	OFF	70.0
19-04-29 19:00:30	76.0	80.0	65.0	OFF	76.0	63.6	70.9	85.0	35.0	OFF	100.6	70.3	672	PERFECT	678	656	12.01	1000	12.4	8.3	OFF	OFF	90.0	77.0	OFF	70.0
19-04-29 19:00:49	76.0	80.0	65.0	OFF	76.0	63.6	70.8	85.0	35.0	OFF	100.6	70.3	669	PERFECT	678	656	12.01	1000	12.4	8.3	OFF	OFF	90.0	77.0	OFF	70.0
19-04-29 19:15:08	76.4	80.0	65.0	OFF	76.4	63.6	70.6	85.0	35.0	OFF	100.6	70.3	670	PERFECT	678	656	12.4	1000	12.4	8.3	OFF	OFF	90.0	77.0	OFF	70.0
19-04-29 19:15:27	76.4	80.0	65.0	OFF	76.4	63.6	70.6	85.0	35.0	OFF	100.6	70.3	669	PERFECT	678	656	12.4	1000	12.4	8.3	OFF	OFF	90.0	77.0	OFF	70.0
19-04-29 19:15:46	76.4	80.0	65.0	OFF	76.4	63.6	70.5	85.0	35.0	OFF	100.6	70.3	671	PERFECT	678	656	12.3	1000	12.4	8.3	OFF	OFF	90.0	77.0	OFF	70.0
19-04-29 19:30:04	76.8	80.0	65.0	OFF	76.8	63.6	70.4	85.0	35.0	OFF	100.6	70.3	669	PERFECT	678	656	12.7	1000	12.7	8.3	OFF	OFF	90.0	77.0	OFF	70.0
19-04-29 19:30:23	76.8	80.0	65.0	OFF	76.8	63.6	70.4	85.0	35.0	OFF	100.6	70.3	668	PERFECT	678	656	12.6	1000	12.7	8.3	OFF	OFF	90.0	77.0	OFF	70.0
19-04-29 19:30:43	76.8	80.0	65.0	OFF	76.8	63.6	70.4	85.0	35.0	OFF	100.6	70.3	670	PERFECT	678	656	12.7	1000	12.7	8.3	OFF	OFF	90.0	77.0	OFF	70.0
19-04-29 19:45:01	77.2	80.0	65.0	OFF	77.2	63.6	70.1	85.0	35.0	OFF	100.6	70.1	672	PERFECT	678	656	12.99	1000	12.99	8.3	OFF	OFF	90.0	77.0	OFF	70.0
19-04-29 19:45:20	77.2	80.0	65.0	OFF	77.2	63.6	70.1	85.0	35.0	OFF	100.6	70.1	670	PERFECT	678	656	12.89	1000	12.99	8.3	OFF	OFF	90.0	77.0	OFF	70.0
19-04-29 19:45:39	77.2	80.0	65.0	OFF	77.2	63.6	70.1	85.0	35.0	OFF	100.6	70.1	670	PERFECT	678	656	12.89	1000	12.99	8.3	OFF	OFF	90.0	77.0	OFF	70.0
19-04-29 19:45:58	77.3	80.0	65.0	OFF	77.3	63.6	70.1	85.0	35.0	OFF	100.6	70.1	669	PERFECT	678	656	12.89	1000	12.99	8.3	OFF	OFF	90.0	77.0	OFF	70.0
19-04-29 20:00:17	77.7	80.0	65.0	OFF	77.7	63.6	69.8	85.0	35.0	OFF	100.6	69.8	665	PERFECT	678	656	13.57	1000	13.57	8.3	OFF	ON	90.0	77.0	ON	70.0
19-04-29 20:00:36	77.7	80.0	65.0	OFF	77.7	63.6	69.7	85.0	35.0	OFF	100.6	69.7	665	PERFECT	678	656	13.48	1000	13.57	8.3	OFF	ON	90.0	77.0	ON	70.0
19-04-29 20:00:55	77.7	80.0	65.0	OFF	77.7	63.6	69.7	85.0	35.0	OFF	100.6	69.7	668	PERFECT	678	656	13.57	1000	13.57	8.3	OFF	ON	90.0	77.0	ON	70.0
19-04-29 20:15:14	77.8	80.0	65.0	OFF	77.8	63.6	69.5	85.0	35.0	OFF	100.6	69.5	667	PERFECT	678	656	13.57	1000	13.77	8.3	OFF	ON	90.0	77.0	ON	70.0
19-04-29 20:15:33	77.8	80.0	65.0	OFF	77.8	63.6	69.5	85.0	35.0	OFF	100.6	69.5	667	PERFECT	678	656	13.67	1000	13.77	8.3	OFF	ON	90.0	77.0	ON	70.0
19-04-29 20:15:52	77.8	80.0	65.0	OFF	77.8	63.6	69.5	85.0	35.0	OFF	100.6	69.5	665	PERFECT	678	656	13.57	1000	13.77	8.3	OFF	ON	90.0	77.0	ON	70.0
19-04-29 20:30:12	77.7	80.0	65.0	OFF	77.8	63.6	69.6	85.0	35.0	OFF	100.6	69.4	667	PERFECT	678	656	13.38	1000	13.77	8.3	OFF	ON	90.0	77.0	ON	70.0
19-04-29 20:30:31	77.7	80.0	65.0	OFF	77.8	63.6	69.6	85.0	35.0	OFF	100.6	69.4	666	PERFECT	678	656	13.48	1000	13.77	8.3	OFF	ON	90.0	77.0	ON	70.0
19-04-29 20:30:50	77.6	80.0	65.0	OFF	77.8	63.6	69.5	85.0	35.0	OFF	100.6	69.4	667	PERFECT	678	656	13.38	1000	13.77	8.3	OFF	ON	90.0	77.0	ON	70.0
19-04-29 20:45:09	77.7	80.0	65.0	OFF	77.8	63.6	69.6	85.0	35.0	OFF	100.6	69.4	666	PERFECT	678	656	13.38	1000	13.77	8.3	OFF	ON	90.0	77.0	ON	70.0
19-04-29 20:45:28	77.6	80.0	65.0	OFF	77.8	63.6	69.5	85.0	35.0	OFF	100.6	69.4	666	PERFECT	678	656	13.38	1000	13.77	8.3	OFF	ON	90.0	77.0	ON	70.0
19-04-29 20:45:48	77.6	80.0	65.0	OFF	77.8	63.6	69.5	85.0	35.0	OFF	100.6	69.4	666	PERFECT	678	656	13.57	1000	13.77	8.3	OFF	ON	90.0	77.0	ON	70.0
19-04-29 21:00:07	77.7	80.0	65.0	OFF	77.8	63.6	69.5	85.0	35.0	OFF	100.6	69.4	666	PERFECT	678	656	13.38	1000	13.77	8.3	OFF	ON	90.0	77.0	ON	70.0
19-04-29 21:00:26	77.7	80.0	65.0	OFF	77.8	63.6	69.5	85.0	35.0	OFF	100.6	69.4	668	PERFECT	678	656	13.38	1000	13.77	8.3	OFF	ON	90.0	77.0	ON	70.0
19-04-29 21:00:45	77.7	80.0	65.0	OFF	77.8	63.6	69.5	85.0	35.0	OFF	100.6	69.4	667	PERFECT	678	656	13.38	1000	13.77	8.3	OFF	ON	90.0	77.0	ON	70.0
19-04-29 21:15:04	77.7	80.0	65.0	OFF	77.8	63.6	69.4	85.0	35.0	OFF	100.6	69.3	667	PERFECT	678	656	13.48	1000	13.77	8.3	OFF	ON	90.0	77.0	ON	70.0
19-04-29 21:15:24	77.7	80.0	65.0	OFF	77.8	63.6	69.3	85.0	35.0	OFF	100.6	69.3	668	PERFECT	678	656	13.38	1000	13.77	8.3	OFF	ON	90.0	77.0	ON	70.0
19-04-29 21:15:43	77.7	80.0	65.0	OFF	77.8	63.6	69.3	85.0	35.0	OFF	100.6	69.3	665	PERFECT	678	656	13.38	1000	13.77	8.3	OFF	ON	90.0	77.0	ON	70.0
19-04-29 21:30:02	77.8	80.0	65.0	OFF	77.8	63.6	69.3	85.0	35.0	OFF	100.6	69.2	665	PERFECT	678	656	13.48	1000	13.77	8.3	OFF	ON	90.0	77.0	ON	70.0
19-04-29 21:30:21	77.8	80.0	65.0	OFF	77.8	63.6	69.3	85.0	35.0	OFF	100.6	69.2	667	PERFECT	678	656	13.57	1000	13.77	8.3	OFF	ON	90.0	77.0	ON	70.0
19-04-29 21:30:40	77.8	80.0	65.0	OFF	77.8	63.6	69.3	85.0	35.0	OFF	100.6	69.2	666	PERFECT	678	656	13.57	1000	13.77	8.3	OFF	ON	90.0	77.0	ON	70.0
19-04-29 21:30:59	77.7	80.0	65.0	OFF	77.8	63.6	69.2	85.0	35.0	OFF	100.6	69.2	663	PERFECT	678	656	13.57	1000	13.77	8.3	OFF	ON	90.0	77.0	ON	70.0
19-04-29 21:45:18	76.6	80.0	65.0	OFF	77.8	63.6	64.2	85.0	35.0	OFF	100.6	56.7	670	PERFECT	678	656	10.94	1000	13.77	7.71	OFF	OFF	90.0	77.0	ON	70.0
19-04-29 21:45:37	76.6	80.0	65.0	OFF	77.8	63.6	64.4	85.0	35.0	OFF	100.6	56.7	668	PERFECT	678	656	11.04	1000	13.77	7.71	OFF	OFF	90.0	77.0	ON	70.0
19-04-29 21:45:56	76.6	80.0	65.0	OFF	77.8	63.6	64.5	85.0	35.0	OFF	100.6	56.7	666	PERFECT	678	656	11.04	1000	13.77	7.71	OFF	OFF	90.0	77.0	ON	70.0
19-04-29 22:00:13	76.9	80.0	65.0	OFF	77.8	63.6	68.7	85.0	35.0	OFF	100.6	56.7	671	PERFECT	678	656	12.5	1000	13.77	7.71	OFF	OFF	90.0	77.0	ON	70.0
19-04-29 22:00:32	76.9	80.0	65.0	OFF	77.8	63.6	68.8	85.0	35.0	OFF	100.6	56.7	669	PERFECT	678	656	12.5	1000	13.77	7.71	OFF	OFF	90.0	77.0	ON	70.0
19-04-29 22:00:51	76.9	80.0	65.0	OFF	77.8	63.6	68.9	85.0	35.0	OFF	100.6	56.7	672	PERFECT	678	656	12.4	1000	13.77	7.71	OFF	OFF	90.0	77.0	ON	70.0
19-04-29 22:15:10	77.0	80.0	65.0	OFF	77.8	63.6	70.8	85.0	35.0	OFF	100.6	56.7	672	PERFECT	678	656	13.18	1000	13.77	7.71	OFF	OFF	90.0	77.0	ON	70.0
19-04-29 22:15:29	76.9	80.0	65.0	OFF	77.8	63.6	70.8	85.0	35.0	OFF	100.6	56.7	674	PERFECT	678	656	13.18	1000	13.77	7.71	OFF	OFF	90.0	77.0	ON	70.0
19-04-29 22:15:48	77.0	80.0	65.0	OFF	77.8	63.6	70.8	85.0	35.0	OFF	100.6	56.7	672	PERFECT	678	656	13.09	1000	13.77	7.71	OFF	OFF	90.0	77.0	ON	70.0
19-04-29 22:30:06	76.7	80.0	65.0	OFF	77.8	63.6	62.7	85.0	35.0	OFF	100.6	56.7	676	PERFECT	678	656	9.67	1000	13.77	7.71	OFF	OFF	90.0	77.0	ON	70.0
19-04-29 22:30:25	76.7	80.0	65.0	OFF	77.8	63.6	62.4	85.0	35.0	OFF	100.6	56.7	674	PERFECT	678	656	9.77	1000	13.77	7.71	OFF	OFF	90.0	77.0	ON	70.0
19-04-29 22:30:44	76.7	80.0	65.0	OFF	77.8	63.6	63.2	85.0	35.0	OFF	100.6	56.7	674	PERFECT	678	656	10.06	1000	13.77	7.71	OFF	OFF	90.0	77.0	ON	70.0
19-04-29 22:45:01	76.1	80.0	65.0	OFF	77.8	63.6	70.9	85.0	35.0	OFF	100.6	56.7	674	PERFECT	678	656	12.79	1000	13.77	7.71	OFF	OFF	90.0	77.0	ON	70.0
19-04-29 22:45:20	76.1	80.0	65.0	OFF	77.8	63.6	71.0	85.0	35.0	OFF	100.6	56.7	674	PERFECT	678	656	12.7	1000	13.77	7.71	OFF	OFF	90.0	77.0	ON	70.0
19-04-29 22:45:39	76.2	80.0	65.0	OFF	77.8	63.6	71.2	85.0	35.0	OFF	100.6	56.7	675	PERFECT	678	656	12.7	1000	13.77	7.71	OFF	OFF	90.0	77.0	ON	70.0
19-04-29 22:45:58	76.1	80.0	65.0	OFF	77.8	63.6	71.2	85.0	35.0	OFF	100.6	56.7	674	PERFECT	678	656	12.79	1000	13.77	7.71	OFF	OFF	90.0	77.0	ON	70.0
19-04-29 23:00:14	75.8	80.0	65.0	OFF	77.8	63.6	73.6	85.0	35.0	OFF	100.6	56.7	675	PERFECT	678	656	13.38	1000	13.77	7.71	OFF	OFF	90.0	77.0	ON	70.0
19-04-29 23:00:33	75.8	80.0	65.0	OFF	77.8	63.6	73.6	85.0	35.0	OFF	100.6	56.7	676	PERFECT	678	656	13.38	1000	13.77	7.71	OFF	OFF	90.0	77.0	ON	70.0
19-04-29 23:00:52	75.9	80.0	65.0	OFF	77.8	63.6	73.7	85.0	35.0	OFF	100.6	56.7	675	PERFECT	678	656	13.57	1000	13.77	7.71	OFF	OFF	90.0	77.0	ON	70.0
19-04-29 23:15:09	nan	80.0	65.0	ON	77.8	63.6	nan	85.0	35.0	ON	100.6	56.7	675	PERFECT	678	656	13.18	1000	13.77	7.71	OFF	OFF	90.0	77.0	OFF	70.0
19-04-29 23:15:28	nan	80.0	65.0	ON	77.8	63.6	nan	85.0	35.0	ON	100.6	56.7	675	PERFECT	678	656	12.89	1000	13.77	7.71	OFF	OFF	90.0	77.0	OFF	70.0
19-04-29 23:15:47	nan	80.0	65.0	ON	77.8	63.6	nan	85.0	35.0	ON	100.6	56.7	675	PERFECT	678	656	12.79	1000	13.77	7.71	OFF	OFF	90.0	77.0	OFF	70.0
19-04-29 23:30:02	nan	80.0	65.0	ON	77.8	63.6	nan	85.0	35.0	ON	100.6	56.7	675	PERFECT	679	656	12.5	1000	13.77	7.71	OFF	OFF	90.0	77.0	OFF	70.0
19-04-29 23:30:21	nan	80.0	65.0	ON	77.8	63.6	nan	85.0	35.0	ON	100.6	56.7	677	PERFECT	679	656	12.5	1000	13.77	7.71	OFF	OFF	90.0	77.0	OFF	70.0
19-04-29 23:30:40	nan	80.0	65.0	ON	77.8	63.6	nan	85.0	35.0	ON	100.6	56.7	674	PERFECT	679	656	12.5	1000	13.77	7.71	OFF	OFF	90.0	77.0	OFF	70.0
19-04-29 23:30:59	nan	80.0	65.0	ON	77.8	63.6	nan	85.0	35.0	ON	100.6	56.7	676	PERFECT	679	656	12.4	1000	13.77	7.71	OFF	OFF	90.0	77.0	OFF	70.0
19-04-29 23:45:16	nan	80.0	65.0	ON	77.8	63.6	nan	85.0	35.0	ON	100.6	56.7	672	PERFECT	679	656	12.11	1000	13.77	7.71	OFF	OFF	90.0	77.0	OFF	70.0
19-04-29 23:45:36	nan	80.0	65.0	ON	77.8	63.6	nan	85.0	35.0	ON	100.6	56.7	674	PERFECT	679	656	12.11	1000	13.77	7.71	OFF	OFF	90.0	77.0	OFF	70.0
19-04-29 23:45:55	nan	80.0	65.0	ON	77.8	63.6	nan	85.0	35.0	ON	100.6	56.7	674	PERFECT	679	656	12.01	1000	13.77	7.71	OFF	OFF	90.0	77.0	OFF	70.0
