19-04-15 00:00:17	61.9	80.0	65.0	ON	71.0	58.2	55.7	85.0	35.0	OFF	63.6	55.3	26	DRY	186	22	7.42	1000	11.23	6.25	OFF	OFF	90.0	90.0	OFF	35.0
19-04-15 00:00:36	62.0	80.0	65.0	ON	71.0	58.2	55.8	85.0	35.0	OFF	63.6	55.3	26	DRY	186	22	7.52	1000	11.23	6.25	OFF	OFF	90.0	90.0	OFF	35.0
19-04-15 00:00:55	62.0	80.0	65.0	ON	71.0	58.2	55.7	85.0	35.0	OFF	63.6	55.3	25	DRY	186	22	7.42	1000	11.23	6.25	OFF	OFF	90.0	90.0	OFF	35.0
19-04-15 00:15:15	62.7	80.0	65.0	ON	71.0	58.2	55.5	85.0	35.0	OFF	63.6	55.3	25	DRY	186	22	7.71	1000	11.23	6.25	OFF	OFF	90.0	90.0	OFF	35.0
19-04-15 00:15:34	62.7	80.0	65.0	ON	71.0	58.2	55.4	85.0	35.0	OFF	63.6	55.3	25	DRY	186	22	7.71	1000	11.23	6.25	OFF	OFF	90.0	90.0	OFF	35.0
19-04-15 00:15:53	62.8	80.0	65.0	ON	71.0	58.2	55.5	85.0	35.0	OFF	63.6	55.3	27	DRY	186	22	7.62	1000	11.23	6.25	OFF	OFF	90.0	90.0	OFF	35.0
19-04-15 00:30:13	63.3	80.0	65.0	ON	71.0	58.2	55.3	85.0	35.0	OFF	63.6	55.3	27	DRY	186	22	7.71	1000	11.23	6.25	OFF	OFF	90.0	90.0	OFF	35.0
19-04-15 00:30:32	63.4	80.0	65.0	ON	71.0	58.2	55.3	85.0	35.0	OFF	63.6	55.3	25	DRY	186	22	7.71	1000	11.23	6.25	OFF	OFF	90.0	90.0	OFF	35.0
19-04-15 00:30:51	63.4	80.0	65.0	ON	71.0	58.2	55.3	85.0	35.0	OFF	63.6	55.3	26	DRY	186	22	7.71	1000	11.23	6.25	OFF	OFF	90.0	90.0	OFF	35.0
19-04-15 00:45:10	63.9	80.0	65.0	ON	71.0	58.2	55.2	85.0	35.0	OFF	63.6	55.1	26	DRY	186	22	7.71	1000	11.23	6.25	OFF	OFF	90.0	90.0	OFF	35.0
19-04-15 00:45:30	63.9	80.0	65.0	ON	71.0	58.2	55.1	85.0	35.0	OFF	63.6	55.1	27	DRY	186	22	7.91	1000	11.23	6.25	OFF	OFF	90.0	90.0	OFF	35.0
19-04-15 00:45:49	63.9	80.0	65.0	ON	71.0	58.2	55.1	85.0	35.0	OFF	63.6	55.1	27	DRY	186	22	8.01	1000	11.23	6.25	OFF	OFF	90.0	90.0	OFF	35.0
19-04-15 01:00:08	64.4	80.0	65.0	ON	71.0	58.2	55.1	85.0	35.0	OFF	63.6	55.1	27	DRY	186	22	8.01	1000	11.23	6.25	OFF	OFF	90.0	90.0	OFF	35.0
19-04-15 01:00:27	64.5	80.0	65.0	ON	71.0	58.2	55.1	85.0	35.0	OFF	63.6	55.1	26	DRY	186	22	8.11	1000	11.23	6.25	OFF	OFF	90.0	90.0	OFF	35.0
19-04-15 01:00:46	64.5	80.0	65.0	ON	71.0	58.2	55.1	85.0	35.0	OFF	63.6	55.1	27	DRY	186	22	8.11	1000	11.23	6.25	OFF	OFF	90.0	90.0	OFF	35.0
19-04-15 01:15:06	65.0	80.0	65.0	ON	71.0	58.2	55.0	85.0	35.0	OFF	63.6	54.9	27	DRY	186	22	8.3	1000	11.23	6.25	OFF	OFF	90.0	90.0	OFF	35.0
19-04-15 01:15:25	65.0	80.0	65.0	ON	71.0	58.2	55.0	85.0	35.0	OFF	63.6	54.9	29	DRY	186	22	8.3	1000	11.23	6.25	OFF	OFF	90.0	90.0	OFF	35.0
19-04-15 01:15:44	65.0	80.0	65.0	ON	71.0	58.2	54.9	85.0	35.0	OFF	63.6	54.9	27	DRY	186	22	8.3	1000	11.23	6.25	OFF	OFF	90.0	90.0	OFF	35.0
19-04-15 01:30:04	65.2	80.0	65.0	OFF	71.0	58.2	55.0	85.0	35.0	OFF	63.6	54.9	25	DRY	186	22	8.5	1000	11.23	6.25	OFF	OFF	90.0	90.0	OFF	35.0
19-04-15 01:30:23	65.2	80.0	65.0	OFF	71.0	58.2	55.0	85.0	35.0	OFF	63.6	54.9	27	DRY	186	22	8.5	1000	11.23	6.25	OFF	OFF	90.0	90.0	OFF	35.0
19-04-15 01:30:42	65.2	80.0	65.0	OFF	71.0	58.2	55.0	85.0	35.0	OFF	63.6	54.9	27	DRY	186	22	8.5	1000	11.23	6.25	OFF	OFF	90.0	90.0	OFF	35.0
19-04-15 01:45:02	65.1	80.0	65.0	OFF	71.0	58.2	55.3	85.0	35.0	OFF	63.6	54.9	27	DRY	186	22	8.79	1000	11.23	6.25	OFF	OFF	90.0	90.0	OFF	35.0
19-04-15 01:45:21	65.1	80.0	65.0	OFF	71.0	58.2	55.3	85.0	35.0	OFF	63.6	54.9	27	DRY	186	22	8.79	1000	11.23	6.25	OFF	OFF	90.0	90.0	OFF	35.0
19-04-15 01:45:40	65.1	80.0	65.0	OFF	71.0	58.2	55.3	85.0	35.0	OFF	63.6	54.9	27	DRY	186	22	8.79	1000	11.23	6.25	OFF	OFF	90.0	90.0	OFF	35.0
19-04-15 01:45:59	65.1	80.0	65.0	OFF	71.0	58.2	55.3	85.0	35.0	OFF	63.6	54.9	27	DRY	186	22	8.69	1000	11.23	6.25	OFF	OFF	90.0	90.0	OFF	35.0
19-04-15 02:00:18	64.9	80.0	65.0	ON	71.0	58.2	55.6	85.0	35.0	OFF	63.6	54.9	27	DRY	186	22	8.89	1000	11.23	6.25	OFF	OFF	90.0	90.0	OFF	35.0
19-04-15 02:00:37	64.9	80.0	65.0	ON	71.0	58.2	55.6	85.0	35.0	OFF	63.6	54.9	27	DRY	186	22	8.79	1000	11.23	6.25	OFF	OFF	90.0	90.0	OFF	35.0
19-04-15 02:00:57	64.9	80.0	65.0	ON	71.0	58.2	55.6	85.0	35.0	OFF	63.6	54.9	26	DRY	186	22	8.79	1000	11.23	6.25	OFF	OFF	90.0	90.0	OFF	35.0
19-04-15 02:15:16	64.7	80.0	65.0	ON	71.0	58.2	55.9	85.0	35.0	OFF	63.6	54.9	27	DRY	186	22	8.79	1000	11.23	6.25	OFF	OFF	90.0	90.0	OFF	35.0
19-04-15 02:15:35	64.7	80.0	65.0	ON	71.0	58.2	55.9	85.0	35.0	OFF	63.6	54.9	25	DRY	186	22	8.69	1000	11.23	6.25	OFF	OFF	90.0	90.0	OFF	35.0
19-04-15 02:15:54	64.7	80.0	65.0	ON	71.0	58.2	55.9	85.0	35.0	OFF	63.6	54.9	27	DRY	186	22	8.79	1000	11.23	6.25	OFF	OFF	90.0	90.0	OFF	35.0
19-04-15 02:30:14	64.6	80.0	65.0	ON	71.0	58.2	56.1	85.0	35.0	OFF	63.6	54.9	25	DRY	186	22	8.69	1000	11.23	6.25	OFF	OFF	90.0	90.0	OFF	35.0
19-04-15 02:30:33	64.5	80.0	65.0	ON	71.0	58.2	56.1	85.0	35.0	OFF	63.6	54.9	27	DRY	186	22	8.89	1000	11.23	6.25	OFF	OFF	90.0	90.0	OFF	35.0
19-04-15 02:30:52	64.5	80.0	65.0	ON	71.0	58.2	56.1	85.0	35.0	OFF	63.6	54.9	25	DRY	186	22	8.89	1000	11.23	6.25	OFF	OFF	90.0	90.0	OFF	35.0
19-04-15 02:45:12	64.3	80.0	65.0	ON	71.0	58.2	56.3	85.0	35.0	OFF	63.6	54.9	25	DRY	186	22	8.69	1000	11.23	6.25	OFF	OFF	90.0	90.0	OFF	35.0
19-04-15 02:45:31	64.3	80.0	65.0	ON	71.0	58.2	56.3	85.0	35.0	OFF	63.6	54.9	25	DRY	186	22	8.79	1000	11.23	6.25	OFF	OFF	90.0	90.0	OFF	35.0
19-04-15 02:45:50	64.3	80.0	65.0	ON	71.0	58.2	56.3	85.0	35.0	OFF	63.6	54.9	25	DRY	186	22	8.59	1000	11.23	6.25	OFF	OFF	90.0	90.0	OFF	35.0
19-04-15 03:00:09	64.1	80.0	65.0	ON	71.0	58.2	56.3	85.0	35.0	OFF	63.6	54.9	25	DRY	186	22	8.59	1000	11.23	6.25	OFF	OFF	90.0	90.0	OFF	35.0
19-04-15 03:00:29	64.1	80.0	65.0	ON	71.0	58.2	56.3	85.0	35.0	OFF	63.6	54.9	24	DRY	186	22	8.59	1000	11.23	6.25	OFF	OFF	90.0	90.0	OFF	35.0
19-04-15 03:00:48	64.1	80.0	65.0	ON	71.0	58.2	56.3	85.0	35.0	OFF	63.6	54.9	24	DRY	186	22	8.69	1000	11.23	6.25	OFF	OFF	90.0	90.0	OFF	35.0
19-04-15 03:15:07	63.9	80.0	65.0	ON	71.0	58.2	56.4	85.0	35.0	OFF	63.6	54.9	25	DRY	186	22	8.69	1000	11.23	6.25	OFF	OFF	90.0	90.0	OFF	35.0
19-04-15 03:15:26	63.9	80.0	65.0	ON	71.0	58.2	56.4	85.0	35.0	OFF	63.6	54.9	25	DRY	186	22	8.69	1000	11.23	6.25	OFF	OFF	90.0	90.0	OFF	35.0
19-04-15 03:15:45	63.9	80.0	65.0	ON	71.0	58.2	56.4	85.0	35.0	OFF	63.6	54.9	24	DRY	186	22	8.59	1000	11.23	6.25	OFF	OFF	90.0	90.0	OFF	35.0
19-04-15 03:30:05	63.8	80.0	65.0	ON	71.0	58.2	56.5	85.0	35.0	OFF	63.6	54.9	25	DRY	186	22	8.69	1000	11.23	6.25	OFF	OFF	90.0	90.0	OFF	35.0
19-04-15 03:30:24	63.7	80.0	65.0	ON	71.0	58.2	56.5	85.0	35.0	OFF	63.6	54.9	25	DRY	186	22	8.5	1000	11.23	6.25	OFF	OFF	90.0	90.0	OFF	35.0
19-04-15 03:30:43	63.7	80.0	65.0	ON	71.0	58.2	56.5	85.0	35.0	OFF	63.6	54.9	27	DRY	186	22	8.5	1000	11.23	6.25	OFF	OFF	90.0	90.0	OFF	35.0
19-04-15 03:45:03	63.5	80.0	65.0	ON	71.0	58.2	56.5	85.0	35.0	OFF	63.6	54.9	23	DRY	186	22	8.5	1000	11.23	6.25	OFF	OFF	90.0	90.0	OFF	35.0
19-04-15 03:45:22	63.6	80.0	65.0	ON	71.0	58.2	56.5	85.0	35.0	OFF	63.6	54.9	23	DRY	186	22	8.5	1000	11.23	6.25	OFF	OFF	90.0	90.0	OFF	35.0
19-04-15 03:45:41	63.5	80.0	65.0	ON	71.0	58.2	56.5	85.0	35.0	OFF	63.6	54.9	25	DRY	186	22	8.5	1000	11.23	6.25	OFF	OFF	90.0	90.0	OFF	35.0
19-04-15 04:00:01	63.3	80.0	65.0	ON	71.0	58.2	56.5	85.0	35.0	OFF	63.6	54.9	24	DRY	186	22	8.4	1000	11.23	6.25	OFF	OFF	90.0	90.0	OFF	35.0
19-04-15 04:00:20	63.4	80.0	65.0	ON	71.0	58.2	56.5	85.0	35.0	OFF	63.6	54.9	22	DRY	186	22	8.5	1000	11.23	6.25	OFF	OFF	90.0	90.0	OFF	35.0
19-04-15 04:00:39	63.3	80.0	65.0	ON	71.0	58.2	56.5	85.0	35.0	OFF	63.6	54.9	25	DRY	186	22	8.5	1000	11.23	6.25	OFF	OFF	90.0	90.0	OFF	35.0
19-04-15 04:00:59	63.4	80.0	65.0	ON	71.0	58.2	56.5	85.0	35.0	OFF	63.6	54.9	23	DRY	186	22	8.5	1000	11.23	6.25	OFF	OFF	90.0	90.0	OFF	35.0
19-04-15 04:15:18	63.2	80.0	65.0	ON	71.0	58.2	56.5	85.0	35.0	OFF	63.6	54.9	23	DRY	186	20	8.4	1000	11.23	6.25	OFF	OFF	90.0	90.0	OFF	35.0
19-04-15 04:15:37	63.2	80.0	65.0	ON	71.0	58.2	56.5	85.0	35.0	OFF	63.6	54.9	23	DRY	186	20	8.5	1000	11.23	6.25	OFF	OFF	90.0	90.0	OFF	35.0
19-04-15 04:15:56	63.1	80.0	65.0	ON	71.0	58.2	56.5	85.0	35.0	OFF	63.6	54.9	23	DRY	186	20	8.4	1000	11.23	6.25	OFF	OFF	90.0	90.0	OFF	35.0
19-04-15 04:30:16	63.0	80.0	65.0	ON	71.0	58.2	56.5	85.0	35.0	OFF	63.6	54.9	22	DRY	186	20	8.4	1000	11.23	6.25	OFF	OFF	90.0	90.0	OFF	35.0
19-04-15 04:30:35	63.0	80.0	65.0	ON	71.0	58.2	56.5	85.0	35.0	OFF	63.6	54.9	23	DRY	186	20	8.4	1000	11.23	6.25	OFF	OFF	90.0	90.0	OFF	35.0
19-04-15 04:30:54	63.0	80.0	65.0	ON	71.0	58.2	56.5	85.0	35.0	OFF	63.6	54.9	23	DRY	186	20	8.3	1000	11.23	6.25	OFF	OFF	90.0	90.0	OFF	35.0
19-04-15 04:45:14	62.9	80.0	65.0	ON	71.0	58.2	56.5	85.0	35.0	OFF	63.6	54.9	23	DRY	186	20	8.5	1000	11.23	6.25	OFF	OFF	90.0	90.0	OFF	35.0
19-04-15 04:45:33	62.9	80.0	65.0	ON	71.0	58.2	56.5	85.0	35.0	OFF	63.6	54.9	20	DRY	186	20	8.3	1000	11.23	6.25	OFF	OFF	90.0	90.0	OFF	35.0
19-04-15 04:45:52	62.9	80.0	65.0	ON	71.0	58.2	56.5	85.0	35.0	OFF	63.6	54.9	23	DRY	186	20	8.5	1000	11.23	6.25	OFF	OFF	90.0	90.0	OFF	35.0
19-04-15 05:00:12	62.8	80.0	65.0	ON	71.0	58.2	56.4	85.0	35.0	OFF	63.6	54.9	22	DRY	186	20	8.3	1000	11.23	6.25	OFF	OFF	90.0	90.0	OFF	35.0
19-04-15 05:00:31	62.8	80.0	65.0	ON	71.0	58.2	56.4	85.0	35.0	OFF	63.6	54.9	22	DRY	186	20	8.3	1000	11.23	6.25	OFF	OFF	90.0	90.0	OFF	35.0
19-04-15 05:00:50	62.8	80.0	65.0	ON	71.0	58.2	56.4	85.0	35.0	OFF	63.6	54.9	23	DRY	186	20	8.5	1000	11.23	6.25	OFF	OFF	90.0	90.0	OFF	35.0
19-04-15 05:15:10	62.7	80.0	65.0	ON	71.0	58.2	56.4	85.0	35.0	OFF	63.6	54.9	21	DRY	186	20	8.5	1000	11.23	6.25	OFF	OFF	90.0	90.0	OFF	35.0
19-04-15 05:15:29	62.7	80.0	65.0	ON	71.0	58.2	56.4	85.0	35.0	OFF	63.6	54.9	22	DRY	186	20	8.3	1000	11.23	6.25	OFF	OFF	90.0	90.0	OFF	35.0
19-04-15 05:15:48	62.7	80.0	65.0	ON	71.0	58.2	56.4	85.0	35.0	OFF	63.6	54.9	23	DRY	186	20	8.3	1000	11.23	6.25	OFF	OFF	90.0	90.0	OFF	35.0
19-04-15 05:30:08	62.6	80.0	65.0	ON	71.0	58.2	56.3	85.0	35.0	OFF	63.6	54.9	21	DRY	186	20	8.2	1000	11.23	6.25	OFF	OFF	90.0	90.0	OFF	35.0
19-04-15 05:30:27	62.6	80.0	65.0	ON	71.0	58.2	56.3	85.0	35.0	OFF	63.6	54.9	21	DRY	186	20	8.3	1000	11.23	6.25	OFF	OFF	90.0	90.0	OFF	35.0
19-04-15 05:30:46	62.6	80.0	65.0	ON	71.0	58.2	56.3	85.0	35.0	OFF	63.6	54.9	21	DRY	186	20	8.3	1000	11.23	6.25	OFF	OFF	90.0	90.0	OFF	35.0
19-04-15 05:45:06	62.5	80.0	65.0	ON	71.0	58.2	56.3	85.0	35.0	OFF	63.6	54.9	21	DRY	186	19	8.3	1000	11.23	6.25	OFF	OFF	90.0	90.0	OFF	35.0
19-04-15 05:45:25	62.5	80.0	65.0	ON	71.0	58.2	56.3	85.0	35.0	OFF	63.6	54.9	20	DRY	186	19	8.11	1000	11.23	6.25	OFF	OFF	90.0	90.0	OFF	35.0
19-04-15 05:45:44	62.5	80.0	65.0	ON	71.0	58.2	56.3	85.0	35.0	OFF	63.6	54.9	21	DRY	186	19	8.2	1000	11.23	6.25	OFF	OFF	90.0	90.0	OFF	35.0
19-04-15 06:00:04	62.4	80.0	65.0	ON	71.0	58.2	56.2	85.0	35.0	OFF	63.6	54.9	21	DRY	186	18	8.3	1000	11.23	6.25	OFF	OFF	90.0	90.0	OFF	35.0
19-04-15 06:00:23	62.4	80.0	65.0	ON	71.0	58.2	56.2	85.0	35.0	OFF	63.6	54.9	21	DRY	186	18	8.11	1000	11.23	6.25	OFF	OFF	90.0	90.0	OFF	35.0
19-04-15 06:00:42	62.4	80.0	65.0	ON	71.0	58.2	56.2	85.0	35.0	OFF	63.6	54.9	20	DRY	186	18	8.2	1000	11.23	6.25	OFF	OFF	90.0	90.0	OFF	35.0
19-04-15 06:15:02	62.3	80.0	65.0	ON	71.0	58.2	56.2	85.0	35.0	OFF	63.6	54.9	21	DRY	186	18	8.11	1000	11.23	6.25	OFF	OFF	90.0	90.0	OFF	35.0
19-04-15 06:15:21	62.3	80.0	65.0	ON	71.0	58.2	56.2	85.0	35.0	OFF	63.6	54.9	19	DRY	186	18	8.2	1000	11.23	6.25	OFF	OFF	90.0	90.0	OFF	35.0
19-04-15 06:15:40	62.3	80.0	65.0	ON	71.0	58.2	56.2	85.0	35.0	OFF	63.6	54.9	21	DRY	186	18	8.2	1000	11.23	6.25	OFF	OFF	90.0	90.0	OFF	35.0
19-04-15 06:15:59	62.3	80.0	65.0	ON	71.0	58.2	56.1	85.0	35.0	OFF	63.6	54.9	21	DRY	186	18	8.11	1000	11.23	6.25	OFF	OFF	90.0	90.0	OFF	35.0
19-04-15 06:30:19	62.2	80.0	65.0	ON	71.0	58.2	56.1	85.0	35.0	OFF	63.6	54.9	19	DRY	186	18	8.11	1000	11.23	6.25	OFF	OFF	90.0	90.0	OFF	35.0
19-04-15 06:30:38	62.2	80.0	65.0	ON	71.0	58.2	56.1	85.0	35.0	OFF	63.6	54.9	19	DRY	186	18	8.11	1000	11.23	6.25	OFF	OFF	90.0	90.0	OFF	35.0
19-04-15 06:30:57	62.2	80.0	65.0	ON	71.0	58.2	56.1	85.0	35.0	OFF	63.6	54.9	21	DRY	186	18	8.11	1000	11.23	6.25	OFF	OFF	90.0	90.0	OFF	35.0
19-04-15 06:45:17	62.1	80.0	65.0	ON	71.0	58.2	56.0	85.0	35.0	OFF	63.6	54.9	21	DRY	186	18	8.11	1000	11.23	6.25	OFF	OFF	90.0	90.0	OFF	35.0
19-04-15 06:45:36	62.1	80.0	65.0	ON	71.0	58.2	56.0	85.0	35.0	OFF	63.6	54.9	20	DRY	186	18	8.11	1000	11.23	6.25	OFF	OFF	90.0	90.0	OFF	35.0
19-04-15 06:45:55	62.1	80.0	65.0	ON	71.0	58.2	56.0	85.0	35.0	OFF	63.6	54.9	19	DRY	186	18	8.11	1000	11.23	6.25	OFF	OFF	90.0	90.0	OFF	35.0
19-04-15 07:00:15	62.1	80.0	65.0	ON	71.0	58.2	56.0	85.0	35.0	OFF	63.6	54.9	20	DRY	186	18	8.11	1000	11.23	6.25	OFF	OFF	90.0	90.0	OFF	35.0
19-04-15 07:00:34	62.0	80.0	65.0	ON	71.0	58.2	56.0	85.0	35.0	OFF	63.6	54.9	20	DRY	186	18	8.11	1000	11.23	6.25	OFF	OFF	90.0	90.0	OFF	35.0
19-04-15 07:00:53	62.1	80.0	65.0	ON	71.0	58.2	56.0	85.0	35.0	OFF	63.6	54.9	21	DRY	186	18	8.01	1000	11.23	6.25	OFF	OFF	90.0	90.0	OFF	35.0
19-04-15 07:15:12	62.0	80.0	65.0	ON	71.0	58.2	56.0	85.0	35.0	OFF	63.6	54.9	18	DRY	186	18	7.91	1000	11.23	6.25	OFF	OFF	90.0	90.0	OFF	35.0
19-04-15 07:15:31	62.0	80.0	65.0	ON	71.0	58.2	56.0	85.0	35.0	OFF	63.6	54.9	21	DRY	186	18	8.11	1000	11.23	6.25	OFF	OFF	90.0	90.0	OFF	35.0
19-04-15 07:15:51	62.0	80.0	65.0	ON	71.0	58.2	56.0	85.0	35.0	OFF	63.6	54.9	20	DRY	186	18	8.01	1000	11.23	6.25	OFF	OFF	90.0	90.0	OFF	35.0
19-04-15 07:30:10	61.9	80.0	65.0	ON	71.0	58.2	56.0	85.0	35.0	OFF	63.6	54.9	19	DRY	186	18	7.91	1000	11.23	6.25	OFF	OFF	90.0	90.0	OFF	35.0
19-04-15 07:30:29	61.9	80.0	65.0	ON	71.0	58.2	56.0	85.0	35.0	OFF	63.6	54.9	19	DRY	186	18	7.81	1000	11.23	6.25	OFF	OFF	90.0	90.0	OFF	35.0
19-04-15 07:30:49	61.9	80.0	65.0	ON	71.0	58.2	56.0	85.0	35.0	OFF	63.6	54.9	19	DRY	186	18	8.11	1000	11.23	6.25	OFF	OFF	90.0	90.0	OFF	35.0
19-04-15 07:45:08	61.9	80.0	65.0	ON	71.0	58.2	56.0	85.0	35.0	OFF	63.6	54.9	19	DRY	186	18	8.11	1000	11.23	6.25	OFF	OFF	90.0	90.0	OFF	35.0
19-04-15 07:45:27	61.8	80.0	65.0	ON	71.0	58.2	55.9	85.0	35.0	OFF	63.6	54.9	19	DRY	186	18	8.11	1000	11.23	6.25	OFF	OFF	90.0	90.0	OFF	35.0
19-04-15 07:45:46	61.8	80.0	65.0	ON	71.0	58.2	55.9	85.0	35.0	OFF	63.6	54.9	18	DRY	186	18	7.91	1000	11.23	6.25	OFF	OFF	90.0	90.0	OFF	35.0
19-04-15 08:00:06	61.8	80.0	65.0	ON	71.0	58.2	55.9	85.0	35.0	OFF	63.6	54.9	19	DRY	186	16	7.91	1000	11.23	6.25	OFF	OFF	90.0	90.0	OFF	35.0
19-04-15 08:00:25	61.8	80.0	65.0	ON	71.0	58.2	55.9	85.0	35.0	OFF	63.6	54.9	19	DRY	186	16	7.91	1000	11.23	6.25	OFF	OFF	90.0	90.0	OFF	35.0
19-04-15 08:00:44	61.8	80.0	65.0	ON	71.0	58.2	55.9	85.0	35.0	OFF	63.6	54.9	19	DRY	186	16	8.01	1000	11.23	6.25	OFF	OFF	90.0	90.0	OFF	35.0
19-04-15 08:15:03	61.7	80.0	65.0	ON	71.0	58.2	55.9	85.0	35.0	OFF	63.6	54.9	19	DRY	186	16	7.81	1000	11.23	6.25	OFF	OFF	90.0	90.0	OFF	35.0
19-04-15 08:15:23	61.8	80.0	65.0	ON	71.0	58.2	55.9	85.0	35.0	OFF	63.6	54.9	19	DRY	186	16	8.01	1000	11.23	6.25	OFF	OFF	90.0	90.0	OFF	35.0
19-04-15 08:15:42	61.7	80.0	65.0	ON	71.0	58.2	55.9	85.0	35.0	OFF	63.6	54.9	19	DRY	186	16	7.91	1000	11.23	6.25	OFF	OFF	90.0	90.0	OFF	35.0
19-04-15 08:30:01	61.7	80.0	65.0	ON	71.0	58.2	55.8	85.0	35.0	OFF	63.6	54.9	19	DRY	186	16	7.91	1000	11.23	6.25	OFF	OFF	90.0	90.0	OFF	35.0
19-04-15 08:30:20	61.7	80.0	65.0	ON	71.0	58.2	55.8	85.0	35.0	OFF	63.6	54.9	18	DRY	186	16	8.01	1000	11.23	6.25	OFF	OFF	90.0	90.0	OFF	35.0
19-04-15 08:30:40	61.7	80.0	65.0	ON	71.0	58.2	55.9	85.0	35.0	OFF	63.6	54.9	19	DRY	186	16	7.91	1000	11.23	6.25	OFF	OFF	90.0	90.0	OFF	35.0
19-04-15 08:30:59	61.7	80.0	65.0	ON	71.0	58.2	55.8	85.0	35.0	OFF	63.6	54.9	19	DRY	186	16	8.11	1000	11.23	6.25	OFF	OFF	90.0	90.0	OFF	35.0
19-04-15 08:45:18	61.6	80.0	65.0	ON	71.0	58.2	55.8	85.0	35.0	OFF	63.6	54.9	18	DRY	186	16	7.91	1000	11.23	6.25	OFF	OFF	90.0	90.0	OFF	35.0
19-04-15 08:45:38	61.7	80.0	65.0	ON	71.0	58.2	55.8	85.0	35.0	OFF	63.6	54.9	18	DRY	186	16	7.91	1000	11.23	6.25	OFF	OFF	90.0	90.0	OFF	35.0
19-04-15 08:45:57	61.6	80.0	65.0	ON	71.0	58.2	55.8	85.0	35.0	OFF	63.6	54.9	19	DRY	186	16	7.91	1000	11.23	6.25	OFF	OFF	90.0	90.0	OFF	35.0
19-04-15 09:00:16	61.6	80.0	65.0	ON	71.0	58.2	55.8	85.0	35.0	OFF	63.6	54.9	19	DRY	186	16	7.91	1000	11.23	6.25	OFF	OFF	90.0	90.0	OFF	35.0
19-04-15 09:00:35	61.6	80.0	65.0	ON	71.0	58.2	55.8	85.0	35.0	OFF	63.6	54.9	18	DRY	186	16	7.91	1000	11.23	6.25	OFF	OFF	90.0	90.0	OFF	35.0
19-04-15 09:00:54	61.6	80.0	65.0	ON	71.0	58.2	55.8	85.0	35.0	OFF	63.6	54.9	17	AIR	186	16	8.01	1000	11.23	6.25	OFF	OFF	90.0	90.0	OFF	35.0
19-04-15 09:15:14	61.6	80.0	65.0	ON	71.0	58.2	55.8	85.0	35.0	OFF	63.6	54.9	17	AIR	186	16	7.91	1000	11.23	6.25	OFF	OFF	90.0	90.0	OFF	35.0
19-04-15 09:15:33	61.6	80.0	65.0	ON	71.0	58.2	55.7	85.0	35.0	OFF	63.6	54.9	19	DRY	186	16	7.81	1000	11.23	6.25	OFF	OFF	90.0	90.0	OFF	35.0
19-04-15 09:15:53	61.6	80.0	65.0	ON	71.0	58.2	55.8	85.0	35.0	OFF	63.6	54.9	17	AIR	186	16	7.91	1000	11.23	6.25	OFF	OFF	90.0	90.0	OFF	35.0
19-04-15 09:30:12	61.6	80.0	65.0	ON	71.0	58.2	55.7	85.0	35.0	OFF	63.6	54.9	18	DRY	186	16	7.91	1000	11.23	6.25	OFF	OFF	90.0	90.0	OFF	35.0
19-04-15 09:30:31	61.6	80.0	65.0	ON	71.0	58.2	55.7	85.0	35.0	OFF	63.6	54.9	18	DRY	186	16	7.91	1000	11.23	6.25	OFF	OFF	90.0	90.0	OFF	35.0
19-04-15 09:30:50	61.5	80.0	65.0	ON	71.0	58.2	55.7	85.0	35.0	OFF	63.6	54.9	18	DRY	186	16	8.01	1000	11.23	6.25	OFF	OFF	90.0	90.0	OFF	35.0
19-04-15 09:45:10	61.6	80.0	65.0	ON	71.0	58.2	55.7	85.0	35.0	OFF	63.6	54.9	17	AIR	186	16	7.91	1000	11.23	6.25	OFF	OFF	90.0	90.0	OFF	35.0
19-04-15 09:45:29	61.6	80.0	65.0	ON	71.0	58.2	55.7	85.0	35.0	OFF	63.6	54.9	17	AIR	186	16	7.91	1000	11.23	6.25	OFF	OFF	90.0	90.0	OFF	35.0
19-04-15 09:45:48	61.6	80.0	65.0	ON	71.0	58.2	55.7	85.0	35.0	OFF	63.6	54.9	18	DRY	186	16	7.91	1000	11.23	6.25	OFF	OFF	90.0	90.0	OFF	35.0
19-04-15 10:00:08	61.7	80.0	65.0	ON	71.0	58.2	55.7	85.0	35.0	OFF	63.6	54.9	17	AIR	186	16	8.01	1000	11.23	6.25	OFF	OFF	90.0	90.0	OFF	35.0
19-04-15 10:00:27	61.6	80.0	65.0	ON	71.0	58.2	55.7	85.0	35.0	OFF	63.6	54.9	17	AIR	186	16	7.91	1000	11.23	6.25	OFF	OFF	90.0	90.0	OFF	35.0
19-04-15 10:00:46	61.6	80.0	65.0	ON	71.0	58.2	55.7	85.0	35.0	OFF	63.6	54.9	18	DRY	186	16	7.91	1000	11.23	6.25	OFF	OFF	90.0	90.0	OFF	35.0
19-04-15 10:15:06	61.6	80.0	65.0	ON	71.0	58.2	55.6	85.0	35.0	OFF	63.6	54.9	17	AIR	186	16	7.91	1000	11.23	6.25	OFF	OFF	90.0	90.0	OFF	35.0
19-04-15 10:15:25	61.6	80.0	65.0	ON	71.0	58.2	55.6	85.0	35.0	OFF	63.6	54.9	17	AIR	186	16	7.91	1000	11.23	6.25	OFF	OFF	90.0	90.0	OFF	35.0
19-04-15 10:15:44	61.7	80.0	65.0	ON	71.0	58.2	55.7	85.0	35.0	OFF	63.6	54.9	17	AIR	186	16	8.01	1000	11.23	6.25	OFF	OFF	90.0	90.0	OFF	35.0
19-04-15 10:30:04	61.7	80.0	65.0	ON	71.0	58.2	55.6	85.0	35.0	OFF	63.6	54.9	17	AIR	186	16	8.01	1000	11.23	6.25	OFF	OFF	90.0	90.0	OFF	35.0
19-04-15 10:30:23	61.7	80.0	65.0	ON	71.0	58.2	55.6	85.0	35.0	OFF	63.6	54.9	17	AIR	186	16	7.81	1000	11.23	6.25	OFF	OFF	90.0	90.0	OFF	35.0
19-04-15 10:30:42	61.7	80.0	65.0	ON	71.0	58.2	55.6	85.0	35.0	OFF	63.6	54.9	19	DRY	186	16	7.91	1000	11.23	6.25	OFF	OFF	90.0	90.0	OFF	35.0
19-04-15 10:45:01	61.7	80.0	65.0	ON	71.0	58.2	55.6	85.0	35.0	OFF	63.6	54.9	16	AIR	186	16	8.01	1000	11.23	6.25	OFF	OFF	90.0	90.0	OFF	35.0
19-04-15 10:45:21	61.7	80.0	65.0	ON	71.0	58.2	55.6	85.0	35.0	OFF	63.6	54.9	17	AIR	186	16	8.01	1000	11.23	6.25	OFF	OFF	90.0	90.0	OFF	35.0
19-04-15 10:45:40	61.7	80.0	65.0	ON	71.0	58.2	55.6	85.0	35.0	OFF	63.6	54.9	17	AIR	186	16	7.91	1000	11.23	6.25	OFF	OFF	90.0	90.0	OFF	35.0
19-04-15 10:45:59	61.7	80.0	65.0	ON	71.0	58.2	55.6	85.0	35.0	OFF	63.6	54.9	17	AIR	186	16	7.91	1000	11.23	6.25	OFF	OFF	90.0	90.0	OFF	35.0
19-04-15 11:00:00	61.7	80.0	65.0	ON	71.0	58.2	55.6	85.0	35.0	OFF	63.6	54.9	17	AIR	186	15	8.01	1000	11.23	6.25	OFF	OFF	90.0	90.0	OFF	35.0
19-04-15 11:00:19	61.7	80.0	65.0	ON	71.0	58.2	55.6	85.0	35.0	OFF	63.6	54.9	17	AIR	186	15	8.01	1000	11.23	6.25	OFF	OFF	90.0	90.0	OFF	35.0
19-04-15 11:00:38	61.7	80.0	65.0	ON	71.0	58.2	55.6	85.0	35.0	OFF	63.6	54.9	19	DRY	186	15	7.81	1000	11.23	6.25	OFF	OFF	90.0	90.0	OFF	35.0
19-04-15 11:00:57	61.7	80.0	65.0	ON	71.0	58.2	55.6	85.0	35.0	OFF	63.6	54.9	17	AIR	186	15	8.11	1000	11.23	6.25	OFF	OFF	90.0	90.0	OFF	35.0
19-04-15 11:15:16	61.7	80.0	65.0	ON	71.0	58.2	55.5	85.0	35.0	OFF	63.6	54.9	17	AIR	186	15	7.91	1000	11.23	6.25	OFF	OFF	90.0	90.0	OFF	35.0
19-04-15 11:15:36	61.8	80.0	65.0	ON	71.0	58.2	55.6	85.0	35.0	OFF	63.6	54.9	17	AIR	186	15	7.91	1000	11.23	6.25	OFF	OFF	90.0	90.0	OFF	35.0
19-04-15 11:15:55	61.8	80.0	65.0	ON	71.0	58.2	55.6	85.0	35.0	OFF	63.6	54.9	17	AIR	186	15	7.91	1000	11.23	6.25	OFF	OFF	90.0	90.0	OFF	35.0
19-04-15 11:30:14	61.8	80.0	65.0	ON	71.0	58.2	55.5	85.0	35.0	OFF	63.6	54.9	17	AIR	186	14	7.91	1000	11.23	6.25	OFF	OFF	90.0	90.0	OFF	35.0
19-04-15 11:30:33	61.8	80.0	65.0	ON	71.0	58.2	55.5	85.0	35.0	OFF	63.6	54.9	15	AIR	186	14	7.81	1000	11.23	6.25	OFF	OFF	90.0	90.0	OFF	35.0
19-04-15 11:30:52	61.8	80.0	65.0	ON	71.0	58.2	55.5	85.0	35.0	OFF	63.6	54.9	17	AIR	186	14	7.91	1000	11.23	6.25	OFF	OFF	90.0	90.0	OFF	35.0
19-04-15 11:45:12	61.9	80.0	65.0	ON	71.0	58.2	55.5	85.0	35.0	OFF	63.6	54.9	16	AIR	186	14	7.91	1000	11.23	6.25	OFF	OFF	90.0	90.0	OFF	35.0
19-04-15 11:45:31	61.8	80.0	65.0	ON	71.0	58.2	55.4	85.0	35.0	OFF	63.6	54.9	17	AIR	186	14	8.01	1000	11.23	6.25	OFF	OFF	90.0	90.0	OFF	35.0
19-04-15 11:45:50	61.9	80.0	65.0	ON	71.0	58.2	55.5	85.0	35.0	OFF	63.6	54.9	17	AIR	186	14	8.01	1000	11.23	6.25	OFF	OFF	90.0	90.0	OFF	35.0
19-04-15 12:00:10	61.9	80.0	65.0	ON	71.0	58.2	55.4	85.0	35.0	OFF	63.6	54.9	16	AIR	186	14	8.11	1000	11.23	6.25	OFF	OFF	90.0	90.0	OFF	35.0
19-04-15 12:00:29	61.9	80.0	65.0	ON	71.0	58.2	55.4	85.0	35.0	OFF	63.6	54.9	15	AIR	186	14	7.91	1000	11.23	6.25	OFF	OFF	90.0	90.0	OFF	35.0
19-04-15 12:00:48	61.9	80.0	65.0	ON	71.0	58.2	55.4	85.0	35.0	OFF	63.6	54.9	17	AIR	186	14	7.71	1000	11.23	6.25	OFF	OFF	90.0	90.0	OFF	35.0
19-04-15 12:15:07	62.0	80.0	65.0	ON	71.0	58.2	55.4	85.0	35.0	OFF	63.6	54.9	17	AIR	186	14	8.01	1000	11.23	6.25	OFF	OFF	90.0	90.0	OFF	35.0
19-04-15 12:15:27	62.0	80.0	65.0	ON	71.0	58.2	55.4	85.0	35.0	OFF	63.6	54.9	17	AIR	186	14	7.91	1000	11.23	6.25	OFF	OFF	90.0	90.0	OFF	35.0
19-04-15 12:15:46	62.0	80.0	65.0	ON	71.0	58.2	55.4	85.0	35.0	OFF	63.6	54.9	17	AIR	186	14	8.11	1000	11.23	6.25	OFF	OFF	90.0	90.0	OFF	35.0
19-04-15 12:30:05	62.0	80.0	65.0	ON	71.0	58.2	55.4	85.0	35.0	OFF	63.6	54.9	15	AIR	186	14	7.91	1000	11.23	6.25	OFF	OFF	90.0	90.0	OFF	35.0
19-04-15 12:30:24	62.0	80.0	65.0	ON	71.0	58.2	55.4	85.0	35.0	OFF	63.6	54.9	17	AIR	186	14	8.11	1000	11.23	6.25	OFF	OFF	90.0	90.0	OFF	35.0
19-04-15 12:30:43	62.1	80.0	65.0	ON	71.0	58.2	55.4	85.0	35.0	OFF	63.6	54.9	15	AIR	186	14	8.11	1000	11.23	6.25	OFF	OFF	90.0	90.0	OFF	35.0
19-04-15 12:45:03	62.2	80.0	65.0	ON	71.0	58.2	55.4	85.0	35.0	OFF	63.6	54.9	16	AIR	186	13	7.91	1000	11.23	6.25	OFF	OFF	90.0	90.0	OFF	35.0
19-04-15 12:45:22	62.2	80.0	65.0	ON	71.0	58.2	55.4	85.0	35.0	OFF	63.6	54.9	15	AIR	186	13	8.01	1000	11.23	6.25	OFF	OFF	90.0	90.0	OFF	35.0
19-04-15 12:45:41	62.2	80.0	65.0	ON	71.0	58.2	55.4	85.0	35.0	OFF	63.6	54.9	15	AIR	186	13	8.01	1000	11.23	6.25	OFF	OFF	90.0	90.0	OFF	35.0
19-04-15 13:00:01	62.3	80.0	65.0	ON	71.0	58.2	55.4	85.0	35.0	OFF	63.6	54.9	15	AIR	186	13	8.11	1000	11.23	6.25	OFF	OFF	90.0	90.0	OFF	35.0
19-04-15 13:00:20	62.3	80.0	65.0	ON	71.0	58.2	55.4	85.0	35.0	OFF	63.6	54.9	17	AIR	186	13	8.01	1000	11.23	6.25	OFF	OFF	90.0	90.0	OFF	35.0
19-04-15 13:00:39	62.3	80.0	65.0	ON	71.0	58.2	55.4	85.0	35.0	OFF	63.6	54.9	16	AIR	186	13	8.11	1000	11.23	6.25	OFF	OFF	90.0	90.0	OFF	35.0
19-04-15 13:00:58	62.3	80.0	65.0	ON	71.0	58.2	55.4	85.0	35.0	OFF	63.6	54.9	17	AIR	186	13	8.11	1000	11.23	6.25	OFF	OFF	90.0	90.0	OFF	35.0
19-04-15 13:15:18	62.4	80.0	65.0	ON	71.0	58.2	55.3	85.0	35.0	OFF	63.6	54.9	17	AIR	186	13	8.11	1000	11.23	6.25	OFF	OFF	90.0	90.0	OFF	35.0
19-04-15 13:15:37	62.4	80.0	65.0	ON	71.0	58.2	55.4	85.0	35.0	OFF	63.6	54.9	15	AIR	186	13	8.11	1000	11.23	6.25	OFF	OFF	90.0	90.0	OFF	35.0
19-04-15 13:15:56	62.4	80.0	65.0	ON	71.0	58.2	55.3	85.0	35.0	OFF	63.6	54.9	17	AIR	186	13	8.11	1000	11.23	6.25	OFF	OFF	90.0	90.0	OFF	35.0
19-04-15 13:30:16	62.5	80.0	65.0	ON	71.0	58.2	55.3	85.0	35.0	OFF	63.6	54.9	15	AIR	186	12	8.11	1000	11.23	6.25	OFF	OFF	90.0	90.0	OFF	35.0
19-04-15 13:30:35	62.5	80.0	65.0	ON	71.0	58.2	55.3	85.0	35.0	OFF	63.6	54.9	15	AIR	186	12	8.11	1000	11.23	6.25	OFF	OFF	90.0	90.0	OFF	35.0
19-04-15 13:30:54	62.5	80.0	65.0	ON	71.0	58.2	55.3	85.0	35.0	OFF	63.6	54.9	16	AIR	186	12	8.11	1000	11.23	6.25	OFF	OFF	90.0	90.0	OFF	35.0
19-04-15 13:45:14	62.6	80.0	65.0	ON	71.0	58.2	55.3	85.0	35.0	OFF	63.6	54.9	16	AIR	186	12	8.2	1000	11.23	6.25	OFF	OFF	90.0	90.0	OFF	35.0
19-04-15 13:45:33	62.5	80.0	65.0	ON	71.0	58.2	55.3	85.0	35.0	OFF	63.6	54.9	15	AIR	186	12	8.3	1000	11.23	6.25	OFF	OFF	90.0	90.0	OFF	35.0
19-04-15 13:45:52	62.6	80.0	65.0	ON	71.0	58.2	55.3	85.0	35.0	OFF	63.6	54.9	15	AIR	186	12	8.11	1000	11.23	6.25	OFF	OFF	90.0	90.0	OFF	35.0
19-04-15 14:00:12	62.6	80.0	65.0	ON	71.0	58.2	55.4	85.0	35.0	OFF	63.6	54.9	15	AIR	186	12	8.2	1000	11.23	6.25	OFF	OFF	90.0	90.0	OFF	35.0
19-04-15 14:00:31	62.6	80.0	65.0	ON	71.0	58.2	55.4	85.0	35.0	OFF	63.6	54.9	15	AIR	186	12	8.5	1000	11.23	6.25	OFF	OFF	90.0	90.0	OFF	35.0
19-04-15 14:00:50	62.6	80.0	65.0	ON	71.0	58.2	55.3	85.0	35.0	OFF	63.6	54.9	15	AIR	186	12	8.2	1000	11.23	6.25	OFF	OFF	90.0	90.0	OFF	35.0
19-04-15 14:15:10	62.6	80.0	65.0	ON	71.0	58.2	55.4	85.0	35.0	OFF	63.6	54.9	15	AIR	186	12	8.4	1000	11.23	6.25	OFF	OFF	90.0	90.0	OFF	35.0
19-04-15 14:15:29	62.6	80.0	65.0	ON	71.0	58.2	55.4	85.0	35.0	OFF	63.6	54.9	15	AIR	186	12	8.5	1000	11.23	6.25	OFF	OFF	90.0	90.0	OFF	35.0
19-04-15 14:15:48	62.6	80.0	65.0	ON	71.0	58.2	55.4	85.0	35.0	OFF	63.6	54.9	15	AIR	186	12	8.3	1000	11.23	6.25	OFF	OFF	90.0	90.0	OFF	35.0
19-04-15 14:30:07	62.6	80.0	65.0	ON	71.0	58.2	55.5	85.0	35.0	OFF	63.6	54.9	15	AIR	186	12	8.4	1000	11.23	6.25	OFF	OFF	90.0	90.0	OFF	35.0
19-04-15 14:30:26	62.6	80.0	65.0	ON	71.0	58.2	55.4	85.0	35.0	OFF	63.6	54.9	15	AIR	186	12	8.3	1000	11.23	6.25	OFF	OFF	90.0	90.0	OFF	35.0
19-04-15 14:30:46	62.6	80.0	65.0	ON	71.0	58.2	55.5	85.0	35.0	OFF	63.6	54.9	16	AIR	186	12	8.3	1000	11.23	6.25	OFF	OFF	90.0	90.0	OFF	35.0
19-04-15 14:45:05	62.6	80.0	65.0	ON	71.0	58.2	55.5	85.0	35.0	OFF	63.6	54.9	15	AIR	186	12	8.4	1000	11.23	6.25	OFF	OFF	90.0	90.0	OFF	35.0
19-04-15 14:45:24	62.7	80.0	65.0	ON	71.0	58.2	55.6	85.0	35.0	OFF	63.6	54.9	15	AIR	186	12	8.4	1000	11.23	6.25	OFF	OFF	90.0	90.0	OFF	35.0
19-04-15 14:45:43	62.7	80.0	65.0	ON	71.0	58.2	55.6	85.0	35.0	OFF	63.6	54.9	15	AIR	186	12	8.4	1000	11.23	6.25	OFF	OFF	90.0	90.0	OFF	35.0
19-04-15 15:00:03	62.7	80.0	65.0	ON	71.0	58.2	55.6	85.0	35.0	OFF	63.6	54.9	15	AIR	186	12	8.4	1000	11.23	6.25	OFF	OFF	90.0	90.0	OFF	35.0
19-04-15 15:00:22	62.7	80.0	65.0	ON	71.0	58.2	55.6	85.0	35.0	OFF	63.6	54.9	15	AIR	186	12	8.4	1000	11.23	6.25	OFF	OFF	90.0	90.0	OFF	35.0
19-04-15 15:00:41	62.7	80.0	65.0	ON	71.0	58.2	55.6	85.0	35.0	OFF	63.6	54.9	15	AIR	186	12	8.4	1000	11.23	6.25	OFF	OFF	90.0	90.0	OFF	35.0
19-04-15 15:15:00	62.7	80.0	65.0	ON	71.0	58.2	55.7	85.0	35.0	OFF	63.6	54.9	15	AIR	186	12	8.5	1000	11.23	6.25	OFF	OFF	90.0	90.0	OFF	35.0
19-04-15 15:15:20	62.7	80.0	65.0	ON	71.0	58.2	55.7	85.0	35.0	OFF	63.6	54.9	15	AIR	186	12	8.5	1000	11.23	6.25	OFF	OFF	90.0	90.0	OFF	35.0
19-04-15 15:15:39	62.8	80.0	65.0	ON	71.0	58.2	55.7	85.0	35.0	OFF	63.6	54.9	15	AIR	186	12	8.5	1000	11.23	6.25	OFF	OFF	90.0	90.0	OFF	35.0
19-04-15 15:15:58	62.7	80.0	65.0	ON	71.0	58.2	55.7	85.0	35.0	OFF	63.6	54.9	15	AIR	186	12	8.3	1000	11.23	6.25	OFF	OFF	90.0	90.0	OFF	35.0
19-04-15 15:30:17	62.7	80.0	65.0	ON	71.0	58.2	55.7	85.0	35.0	OFF	63.6	54.9	15	AIR	186	12	8.5	1000	11.23	6.25	OFF	OFF	90.0	90.0	OFF	35.0
19-04-15 15:30:36	62.8	80.0	65.0	ON	71.0	58.2	55.8	85.0	35.0	OFF	63.6	54.9	14	AIR	186	12	8.5	1000	11.23	6.25	OFF	OFF	90.0	90.0	OFF	35.0
19-04-15 15:30:55	62.8	80.0	65.0	ON	71.0	58.2	55.8	85.0	35.0	OFF	63.6	54.9	14	AIR	186	12	8.5	1000	11.23	6.25	OFF	OFF	90.0	90.0	OFF	35.0
19-04-15 15:45:15	62.8	80.0	65.0	ON	71.0	58.2	55.9	85.0	35.0	OFF	63.6	54.9	15	AIR	186	12	8.59	1000	11.23	6.25	OFF	OFF	90.0	90.0	OFF	35.0
19-04-15 15:45:34	62.8	80.0	65.0	ON	71.0	58.2	55.9	85.0	35.0	OFF	63.6	54.9	15	AIR	186	12	8.5	1000	11.23	6.25	OFF	OFF	90.0	90.0	OFF	35.0
19-04-15 15:45:53	62.8	80.0	65.0	ON	71.0	58.2	55.9	85.0	35.0	OFF	63.6	54.9	13	AIR	186	12	8.4	1000	11.23	6.25	OFF	OFF	90.0	90.0	OFF	35.0
19-04-15 16:00:13	62.8	80.0	65.0	ON	71.0	58.2	55.9	85.0	35.0	OFF	63.6	54.9	16	AIR	186	12	8.5	1000	11.23	6.25	OFF	OFF	90.0	90.0	OFF	35.0
19-04-15 16:00:32	62.8	80.0	65.0	ON	71.0	58.2	55.9	85.0	35.0	OFF	63.6	54.9	15	AIR	186	12	8.5	1000	11.23	6.25	OFF	OFF	90.0	90.0	OFF	35.0
19-04-15 16:00:51	62.8	80.0	65.0	ON	71.0	58.2	55.9	85.0	35.0	OFF	63.6	54.9	15	AIR	186	12	8.5	1000	11.23	6.25	OFF	OFF	90.0	90.0	OFF	35.0
19-04-15 16:15:11	62.9	80.0	65.0	ON	71.0	58.2	56.0	85.0	35.0	OFF	63.6	54.9	15	AIR	186	12	8.5	1000	11.23	6.25	OFF	OFF	90.0	90.0	OFF	35.0
19-04-15 16:15:30	62.9	80.0	65.0	ON	71.0	58.2	56.0	85.0	35.0	OFF	63.6	54.9	15	AIR	186	12	8.59	1000	11.23	6.25	OFF	OFF	90.0	90.0	OFF	35.0
19-04-15 16:15:49	62.8	80.0	65.0	ON	71.0	58.2	56.0	85.0	35.0	OFF	63.6	54.9	14	AIR	186	12	8.5	1000	11.23	6.25	OFF	OFF	90.0	90.0	OFF	35.0
19-04-15 16:30:09	62.8	80.0	65.0	ON	71.0	58.2	56.0	85.0	35.0	OFF	63.6	54.9	15	AIR	186	12	8.69	1000	11.23	6.25	OFF	OFF	90.0	90.0	OFF	35.0
19-04-15 16:30:28	62.9	80.0	65.0	ON	71.0	58.2	56.1	85.0	35.0	OFF	63.6	54.9	14	AIR	186	12	8.69	1000	11.23	6.25	OFF	OFF	90.0	90.0	OFF	35.0
19-04-15 16:30:47	62.9	80.0	65.0	ON	71.0	58.2	56.1	85.0	35.0	OFF	63.6	54.9	15	AIR	186	12	8.5	1000	11.23	6.25	OFF	OFF	90.0	90.0	OFF	35.0
19-04-15 16:45:06	62.9	80.0	65.0	ON	71.0	58.2	56.2	85.0	35.0	OFF	63.6	54.9	14	AIR	186	12	8.59	1000	11.23	6.25	OFF	OFF	90.0	90.0	OFF	35.0
19-04-15 16:45:26	62.9	80.0	65.0	ON	71.0	58.2	56.1	85.0	35.0	OFF	63.6	54.9	15	AIR	186	12	8.59	1000	11.23	6.25	OFF	OFF	90.0	90.0	OFF	35.0
19-04-15 16:45:45	62.9	80.0	65.0	ON	71.0	58.2	56.2	85.0	35.0	OFF	63.6	54.9	15	AIR	186	12	8.59	1000	11.23	6.25	OFF	OFF	90.0	90.0	OFF	35.0
19-04-15 17:00:04	62.9	80.0	65.0	ON	71.0	58.2	56.2	85.0	35.0	OFF	63.6	54.9	14	AIR	186	12	8.69	1000	11.23	6.25	OFF	OFF	90.0	90.0	OFF	35.0
19-04-15 17:00:23	62.9	80.0	65.0	ON	71.0	58.2	56.2	85.0	35.0	OFF	63.6	54.9	15	AIR	186	12	8.59	1000	11.23	6.25	OFF	OFF	90.0	90.0	OFF	35.0
19-04-15 17:00:43	62.9	80.0	65.0	ON	71.0	58.2	56.2	85.0	35.0	OFF	63.6	54.9	14	AIR	186	12	8.59	1000	11.23	6.25	OFF	OFF	90.0	90.0	OFF	35.0
19-04-15 17:15:02	63.0	80.0	65.0	ON	71.0	58.2	56.3	85.0	35.0	OFF	63.6	54.9	14	AIR	186	12	8.59	1000	11.23	6.25	OFF	OFF	90.0	90.0	OFF	35.0
19-04-15 17:15:21	62.9	80.0	65.0	ON	71.0	58.2	56.3	85.0	35.0	OFF	63.6	54.9	15	AIR	186	12	8.69	1000	11.23	6.25	OFF	OFF	90.0	90.0	OFF	35.0
19-04-15 17:15:41	62.9	80.0	65.0	ON	71.0	58.2	56.3	85.0	35.0	OFF	63.6	54.9	13	AIR	186	12	8.59	1000	11.23	6.25	OFF	OFF	90.0	90.0	OFF	35.0
19-04-15 17:30:00	63.0	80.0	65.0	ON	71.0	58.2	56.3	85.0	35.0	OFF	63.6	54.9	14	AIR	186	12	8.59	1000	11.23	6.25	OFF	OFF	90.0	90.0	OFF	35.0
19-04-15 17:30:19	63.0	80.0	65.0	ON	71.0	58.2	56.3	85.0	35.0	OFF	63.6	54.9	15	AIR	186	12	8.69	1000	11.23	6.25	OFF	OFF	90.0	90.0	OFF	35.0
19-04-15 17:30:39	62.9	80.0	65.0	ON	71.0	58.2	56.3	85.0	35.0	OFF	63.6	54.9	14	AIR	186	12	8.69	1000	11.23	6.25	OFF	OFF	90.0	90.0	OFF	35.0
19-04-15 17:30:58	63.0	80.0	65.0	ON	71.0	58.2	56.4	85.0	35.0	OFF	63.6	54.9	14	AIR	186	12	8.69	1000	11.23	6.25	OFF	OFF	90.0	90.0	OFF	35.0
19-04-15 17:45:17	63.0	80.0	65.0	ON	71.0	58.2	56.4	85.0	35.0	OFF	63.6	54.9	14	AIR	186	12	8.69	1000	11.23	6.25	OFF	OFF	90.0	90.0	OFF	35.0
19-04-15 17:45:36	63.0	80.0	65.0	ON	71.0	58.2	56.4	85.0	35.0	OFF	63.6	54.9	15	AIR	186	12	8.69	1000	11.23	6.25	OFF	OFF	90.0	90.0	OFF	35.0
19-04-15 17:45:56	63.0	80.0	65.0	ON	71.0	58.2	56.4	85.0	35.0	OFF	63.6	54.9	15	AIR	186	12	8.89	1000	11.23	6.25	OFF	OFF	90.0	90.0	OFF	35.0
19-04-15 18:00:15	63.0	80.0	65.0	ON	71.0	58.2	56.4	85.0	35.0	OFF	63.6	54.9	13	AIR	186	12	8.69	1000	11.23	6.25	OFF	OFF	90.0	90.0	OFF	35.0
19-04-15 18:00:35	63.1	80.0	65.0	ON	71.0	58.2	56.5	85.0	35.0	OFF	63.6	54.9	14	AIR	186	12	8.69	1000	11.23	6.25	OFF	OFF	90.0	90.0	OFF	35.0
19-04-15 18:00:54	63.0	80.0	65.0	ON	71.0	58.2	56.4	85.0	35.0	OFF	63.6	54.9	15	AIR	186	12	8.69	1000	11.23	6.25	OFF	OFF	90.0	90.0	OFF	35.0
19-04-15 18:15:13	63.0	80.0	65.0	ON	71.0	58.2	56.4	85.0	35.0	OFF	63.6	54.9	14	AIR	186	12	8.69	1000	11.23	6.25	OFF	OFF	90.0	90.0	OFF	35.0
19-04-15 18:15:32	63.0	80.0	65.0	ON	71.0	58.2	56.4	85.0	35.0	OFF	63.6	54.9	13	AIR	186	12	8.69	1000	11.23	6.25	OFF	OFF	90.0	90.0	OFF	35.0
19-04-15 18:15:52	63.0	80.0	65.0	ON	71.0	58.2	56.5	85.0	35.0	OFF	63.6	54.9	13	AIR	186	12	8.79	1000	11.23	6.25	OFF	OFF	90.0	90.0	OFF	35.0
19-04-15 18:30:11	63.0	80.0	65.0	ON	71.0	58.2	56.5	85.0	35.0	OFF	63.6	54.9	13	AIR	186	12	8.79	1000	11.23	6.25	OFF	OFF	90.0	90.0	OFF	35.0
19-04-15 18:30:30	63.0	80.0	65.0	ON	71.0	58.2	56.5	85.0	35.0	OFF	63.6	54.9	13	AIR	186	12	8.79	1000	11.23	6.25	OFF	OFF	90.0	90.0	OFF	35.0
19-04-15 18:30:49	63.0	80.0	65.0	ON	71.0	58.2	56.5	85.0	35.0	OFF	63.6	54.9	13	AIR	186	12	8.69	1000	11.23	6.25	OFF	OFF	90.0	90.0	OFF	35.0
19-04-15 18:45:09	63.0	80.0	65.0	ON	71.0	58.2	56.5	85.0	35.0	OFF	63.6	54.9	14	AIR	186	12	8.89	1000	11.23	6.25	OFF	OFF	90.0	90.0	OFF	35.0
19-04-15 18:45:28	63.0	80.0	65.0	ON	71.0	58.2	56.5	85.0	35.0	OFF	63.6	54.9	15	AIR	186	12	8.89	1000	11.23	6.25	OFF	OFF	90.0	90.0	OFF	35.0
19-04-15 18:45:47	63.0	80.0	65.0	ON	71.0	58.2	56.5	85.0	35.0	OFF	63.6	54.9	13	AIR	186	12	8.89	1000	11.23	6.25	OFF	OFF	90.0	90.0	OFF	35.0
19-04-15 19:00:07	63.1	80.0	65.0	ON	71.0	58.2	56.8	85.0	35.0	OFF	63.6	54.9	12	AIR	186	11	5.57	1000	11.23	5.37	OFF	OFF	90.0	90.0	OFF	35.0
19-04-15 19:00:26	63.0	80.0	65.0	ON	71.0	58.2	56.7	85.0	35.0	OFF	63.6	54.9	12	AIR	186	11	5.57	1000	11.23	5.37	OFF	OFF	90.0	90.0	OFF	35.0
19-04-15 19:00:45	63.1	80.0	65.0	ON	71.0	58.2	56.7	85.0	35.0	OFF	63.6	54.9	13	AIR	186	11	5.57	1000	11.23	5.37	OFF	OFF	90.0	90.0	OFF	35.0
19-04-15 19:15:05	63.1	80.0	65.0	ON	71.0	58.2	56.0	85.0	35.0	OFF	63.6	54.9	12	AIR	186	11	5.08	1000	11.23	4.98	OFF	OFF	90.0	90.0	OFF	35.0
19-04-15 19:15:24	63.1	80.0	65.0	ON	71.0	58.2	56.0	85.0	35.0	OFF	63.6	54.9	12	AIR	186	11	4.98	1000	11.23	4.98	OFF	OFF	90.0	90.0	OFF	35.0
19-04-15 19:15:43	63.1	80.0	65.0	ON	71.0	58.2	56.0	85.0	35.0	OFF	63.6	54.9	12	AIR	186	11	4.98	1000	11.23	4.98	OFF	OFF	90.0	90.0	OFF	35.0
19-04-15 19:30:03	63.1	80.0	65.0	ON	71.0	58.2	55.6	85.0	35.0	OFF	63.6	54.9	12	AIR	186	11	4.69	1000	11.23	4.59	OFF	OFF	90.0	90.0	OFF	35.0
19-04-15 19:30:22	63.2	80.0	65.0	ON	71.0	58.2	55.7	85.0	35.0	OFF	63.6	54.9	12	AIR	186	11	4.69	1000	11.23	4.59	OFF	OFF	90.0	90.0	OFF	35.0
19-04-15 19:30:41	63.2	80.0	65.0	ON	71.0	58.2	55.7	85.0	35.0	OFF	63.6	54.9	12	AIR	186	11	4.59	1000	11.23	4.59	OFF	OFF	90.0	90.0	OFF	35.0
19-04-15 19:45:01	63.2	80.0	65.0	ON	71.0	58.2	55.6	85.0	35.0	OFF	63.6	54.9	11	AIR	186	10	4.69	1000	11.23	4.39	OFF	OFF	90.0	90.0	OFF	35.0
19-04-15 19:45:20	63.1	80.0	65.0	ON	71.0	58.2	55.6	85.0	35.0	OFF	63.6	54.9	11	AIR	186	10	4.49	1000	11.23	4.39	OFF	OFF	90.0	90.0	OFF	35.0
19-04-15 19:45:39	63.2	80.0	65.0	ON	71.0	58.2	55.6	85.0	35.0	OFF	63.6	54.9	13	AIR	186	10	4.49	1000	11.23	4.39	OFF	OFF	90.0	90.0	OFF	35.0
19-04-15 19:45:59	63.1	80.0	65.0	ON	71.0	58.2	55.6	85.0	35.0	OFF	63.6	54.9	11	AIR	186	10	4.59	1000	11.23	4.39	OFF	OFF	90.0	90.0	OFF	35.0
19-04-15 20:00:18	63.1	80.0	65.0	ON	71.0	58.2	55.4	85.0	35.0	OFF	63.6	54.9	11	AIR	186	10	4.39	1000	11.23	4.3	OFF	OFF	90.0	90.0	OFF	35.0
19-04-15 20:00:37	63.1	80.0	65.0	ON	71.0	58.2	55.4	85.0	35.0	OFF	63.6	54.9	11	AIR	186	10	4.39	1000	11.23	4.3	OFF	OFF	90.0	90.0	OFF	35.0
19-04-15 20:00:56	63.1	80.0	65.0	ON	71.0	58.2	55.4	85.0	35.0	OFF	63.6	54.9	11	AIR	186	10	4.59	1000	11.23	4.3	OFF	OFF	90.0	90.0	OFF	35.0
19-04-15 20:15:16	63.1	80.0	65.0	ON	71.0	58.2	55.3	85.0	35.0	OFF	63.6	54.9	11	AIR	186	10	4.39	1000	11.23	4.3	OFF	OFF	90.0	90.0	OFF	35.0
19-04-15 20:15:35	63.1	80.0	65.0	ON	71.0	58.2	55.3	85.0	35.0	OFF	63.6	54.9	11	AIR	186	10	4.3	1000	11.23	4.3	OFF	OFF	90.0	90.0	OFF	35.0
19-04-15 20:15:54	63.1	80.0	65.0	ON	71.0	58.2	55.3	85.0	35.0	OFF	63.6	54.9	10	AIR	186	10	4.39	1000	11.23	4.3	OFF	OFF	90.0	90.0	OFF	35.0
19-04-15 20:30:14	63.0	80.0	65.0	ON	71.0	58.2	55.1	85.0	35.0	OFF	63.6	54.9	11	AIR	186	10	4.39	1000	11.23	4.2	OFF	OFF	90.0	90.0	OFF	35.0
19-04-15 20:30:33	63.1	80.0	65.0	ON	71.0	58.2	55.1	85.0	35.0	OFF	63.6	54.9	11	AIR	186	10	4.49	1000	11.23	4.2	OFF	OFF	90.0	90.0	OFF	35.0
19-04-15 20:30:52	63.0	80.0	65.0	ON	71.0	58.2	55.1	85.0	35.0	OFF	63.6	54.9	10	AIR	186	10	4.39	1000	11.23	4.2	OFF	OFF	90.0	90.0	OFF	35.0
19-04-15 20:45:12	63.0	80.0	65.0	ON	71.0	58.2	55.0	85.0	35.0	OFF	63.6	54.9	11	AIR	186	8	4.3	1000	11.23	4.2	OFF	OFF	90.0	90.0	OFF	35.0
19-04-15 20:45:31	63.0	80.0	65.0	ON	71.0	58.2	55.0	85.0	35.0	OFF	63.6	54.9	10	AIR	186	8	4.39	1000	11.23	4.2	OFF	OFF	90.0	90.0	OFF	35.0
19-04-15 20:45:50	63.0	80.0	65.0	ON	71.0	58.2	55.0	85.0	35.0	OFF	63.6	54.9	10	AIR	186	8	4.3	1000	11.23	4.2	OFF	OFF	90.0	90.0	OFF	35.0
19-04-15 21:00:10	62.9	80.0	65.0	ON	71.0	58.2	54.9	85.0	35.0	OFF	63.6	54.9	11	AIR	186	8	4.3	1000	11.23	4.2	OFF	OFF	90.0	90.0	OFF	35.0
19-04-15 21:00:29	62.9	80.0	65.0	ON	71.0	58.2	54.9	85.0	35.0	OFF	63.6	54.9	11	AIR	186	8	4.39	1000	11.23	4.2	OFF	OFF	90.0	90.0	OFF	35.0
19-04-15 21:00:48	62.9	80.0	65.0	ON	71.0	58.2	54.9	85.0	35.0	OFF	63.6	54.9	10	AIR	186	8	4.49	1000	11.23	4.2	OFF	OFF	90.0	90.0	OFF	35.0
19-04-15 21:15:08	62.8	80.0	65.0	ON	71.0	58.2	54.9	85.0	35.0	OFF	63.6	54.8	10	AIR	186	8	4.39	1000	11.23	3.91	OFF	OFF	90.0	90.0	OFF	35.0
19-04-15 21:15:27	62.8	80.0	65.0	ON	71.0	58.2	54.9	85.0	35.0	OFF	63.6	54.8	10	AIR	186	8	4.3	1000	11.23	3.91	OFF	OFF	90.0	90.0	OFF	35.0
19-04-15 21:15:46	62.8	80.0	65.0	ON	71.0	58.2	54.9	85.0	35.0	OFF	63.6	54.8	11	AIR	186	8	4.2	1000	11.23	3.91	OFF	OFF	90.0	90.0	OFF	35.0
19-04-15 21:30:05	62.8	80.0	65.0	ON	71.0	58.2	55.7	85.0	35.0	OFF	63.6	54.8	9	AIR	186	8	4.39	1000	11.23	3.91	OFF	OFF	90.0	90.0	OFF	35.0
19-04-15 21:30:24	62.8	80.0	65.0	ON	71.0	58.2	55.7	85.0	35.0	OFF	63.6	54.8	11	AIR	186	8	4.39	1000	11.23	3.91	OFF	OFF	90.0	90.0	OFF	35.0
19-04-15 21:30:43	62.8	80.0	65.0	ON	71.0	58.2	55.8	85.0	35.0	OFF	63.6	54.8	11	AIR	186	8	4.39	1000	11.23	3.91	OFF	OFF	90.0	90.0	OFF	35.0
19-04-15 21:45:03	64.5	80.0	65.0	ON	71.0	58.2	55.1	85.0	35.0	OFF	63.6	54.8	9	AIR	186	6	4.69	1000	11.23	3.91	OFF	OFF	90.0	90.0	OFF	35.0
19-04-15 21:45:22	64.6	80.0	65.0	ON	71.0	58.2	55.1	85.0	35.0	OFF	63.6	54.8	9	AIR	186	6	4.79	1000	11.23	3.91	OFF	OFF	90.0	90.0	OFF	35.0
19-04-15 21:45:41	64.6	80.0	65.0	ON	71.0	58.2	55.0	85.0	35.0	OFF	63.6	54.8	9	AIR	186	6	4.79	1000	11.23	3.91	OFF	OFF	90.0	90.0	OFF	35.0
19-04-15 22:00:01	66.3	80.0	65.0	OFF	71.0	58.2	53.9	85.0	35.0	OFF	63.6	53.6	7	AIR	186	5	5.27	1000	11.23	3.91	OFF	OFF	90.0	90.0	OFF	35.0
19-04-15 22:00:20	66.2	80.0	65.0	OFF	71.0	58.2	53.8	85.0	35.0	OFF	63.6	53.6	4	AIR	186	4	5.37	1000	11.23	3.91	OFF	OFF	90.0	90.0	OFF	35.0
19-04-15 22:00:39	66.3	80.0	65.0	OFF	71.0	58.2	53.8	85.0	35.0	OFF	63.6	53.6	5	AIR	186	4	5.18	1000	11.23	3.91	OFF	OFF	90.0	90.0	OFF	35.0
19-04-15 22:00:58	66.3	80.0	65.0	OFF	71.0	58.2	53.7	85.0	35.0	OFF	63.6	53.6	6	AIR	186	4	5.37	1000	11.23	3.91	OFF	OFF	90.0	90.0	OFF	35.0
19-04-15 22:15:18	66.8	80.0	65.0	OFF	71.0	58.2	54.8	85.0	35.0	OFF	63.6	53.3	5	AIR	186	4	5.96	1000	11.23	3.91	OFF	OFF	90.0	90.0	OFF	35.0
19-04-15 22:15:37	66.8	80.0	65.0	OFF	71.0	58.2	54.6	85.0	35.0	OFF	63.6	53.3	5	AIR	186	4	5.76	1000	11.23	3.91	OFF	OFF	90.0	90.0	OFF	35.0
19-04-15 22:15:56	66.8	80.0	65.0	OFF	71.0	58.2	54.5	85.0	35.0	OFF	63.6	53.3	5	AIR	186	4	5.96	1000	11.23	3.91	OFF	OFF	90.0	90.0	OFF	35.0
19-04-15 22:30:16	67.1	80.0	65.0	OFF	71.0	58.2	54.2	85.0	35.0	OFF	63.6	53.3	2	AIR	186	2	5.86	1000	11.23	3.91	OFF	OFF	90.0	90.0	OFF	35.0
19-04-15 22:30:35	67.2	80.0	65.0	OFF	71.0	58.2	54.0	85.0	35.0	OFF	63.6	53.3	3	AIR	186	2	5.86	1000	11.23	3.91	OFF	OFF	90.0	90.0	OFF	35.0
19-04-15 22:30:54	67.2	80.0	65.0	OFF	71.0	58.2	53.9	85.0	35.0	OFF	63.6	53.3	4	AIR	186	2	5.76	1000	11.23	3.91	OFF	OFF	90.0	90.0	OFF	35.0
19-04-15 22:45:14	67.3	80.0	65.0	OFF	71.0	58.2	53.1	85.0	35.0	OFF	63.6	53.1	5	AIR	186	2	5.86	1000	11.23	3.91	OFF	OFF	90.0	90.0	OFF	35.0
19-04-15 22:45:33	67.3	80.0	65.0	OFF	71.0	58.2	53.1	85.0	35.0	OFF	63.6	53.1	5	AIR	186	2	5.86	1000	11.23	3.91	OFF	OFF	90.0	90.0	OFF	35.0
19-04-15 22:45:52	67.3	80.0	65.0	OFF	71.0	58.2	53.1	85.0	35.0	OFF	63.6	53.1	5	AIR	186	2	5.96	1000	11.23	3.91	OFF	OFF	90.0	90.0	OFF	35.0
19-04-15 23:00:12	67.5	80.0	65.0	OFF	71.0	58.2	56.4	85.0	35.0	OFF	63.6	53.0	3	AIR	186	2	6.35	1000	11.23	3.91	OFF	OFF	90.0	90.0	OFF	35.0
19-04-15 23:00:31	67.5	80.0	65.0	OFF	71.0	58.2	57.2	85.0	35.0	OFF	63.6	53.0	3	AIR	186	2	6.35	1000	11.23	3.91	OFF	OFF	90.0	90.0	OFF	35.0
19-04-15 23:00:50	67.5	80.0	65.0	OFF	71.0	58.2	57.2	85.0	35.0	OFF	63.6	53.0	3	AIR	186	2	6.35	1000	11.23	3.91	OFF	OFF	90.0	90.0	OFF	35.0
