19-05-08 00:00:10	70.6	80.0	65.0	OFF	70.6	70.6	85.7	85.0	35.0	ON	85.7	85.7	139	DRY	139	139	11.23	1000	11.23	11.23	OFF	OFF	88.0	77.0	OFF	66.0
19-05-08 00:00:29	70.5	80.0	65.0	OFF	70.5	70.5	85.6	85.0	35.0	ON	85.6	85.6	139	DRY	139	139	11.23	1000	11.23	11.23	OFF	OFF	88.0	77.0	OFF	66.0
19-05-08 00:00:48	70.5	80.0	65.0	OFF	70.5	70.5	85.6	85.0	35.0	ON	85.6	85.6	138	DRY	138	138	11.13	1000	11.13	11.13	OFF	OFF	88.0	77.0	OFF	66.0
19-05-08 00:15:07	70.0	80.0	65.0	OFF	70.5	70.0	86.9	85.0	35.0	ON	86.9	85.6	151	DRY	154	138	11.04	1000	11.23	10.74	OFF	OFF	88.0	77.0	OFF	66.0
19-05-08 00:15:27	70.0	80.0	65.0	OFF	70.5	70.0	86.9	85.0	35.0	ON	86.9	85.6	153	DRY	154	138	10.84	1000	11.23	10.74	OFF	OFF	88.0	77.0	OFF	66.0
19-05-08 00:15:46	70.1	80.0	65.0	OFF	70.5	70.0	87.1	85.0	35.0	ON	87.1	85.6	150	DRY	154	138	10.94	1000	11.23	10.74	OFF	OFF	88.0	77.0	OFF	66.0
19-05-08 00:30:05	69.6	80.0	65.0	OFF	70.5	69.6	87.9	85.0	35.0	ON	87.9	85.6	149	DRY	154	138	10.64	1000	11.23	10.64	OFF	OFF	88.0	77.0	OFF	66.0
19-05-08 00:30:24	69.6	80.0	65.0	OFF	70.5	69.6	87.9	85.0	35.0	ON	87.9	85.6	148	DRY	154	138	10.64	1000	11.23	10.64	OFF	OFF	88.0	77.0	OFF	66.0
19-05-08 00:30:43	69.5	80.0	65.0	OFF	70.5	69.5	87.9	85.0	35.0	ON	87.9	85.6	149	DRY	154	138	10.55	1000	11.23	10.55	OFF	OFF	88.0	77.0	OFF	66.0
19-05-08 00:45:02	69.2	80.0	65.0	OFF	70.5	69.2	89.0	85.0	35.0	ON	89.0	85.6	154	DRY	155	138	10.45	1000	11.23	10.35	OFF	OFF	88.0	77.0	OFF	66.0
19-05-08 00:45:21	69.1	80.0	65.0	OFF	70.5	69.1	89.0	85.0	35.0	ON	89.0	85.6	153	DRY	155	138	10.45	1000	11.23	10.35	OFF	OFF	88.0	77.0	OFF	66.0
19-05-08 00:45:41	69.2	80.0	65.0	OFF	70.5	69.1	89.0	85.0	35.0	ON	89.0	85.6	154	DRY	155	138	10.45	1000	11.23	10.35	OFF	OFF	88.0	77.0	OFF	66.0
19-05-08 01:00:00	68.8	80.0	65.0	OFF	70.5	68.8	89.1	85.0	35.0	ON	89.7	85.6	171	DRY	171	138	10.45	1000	11.23	10.25	OFF	OFF	88.0	77.0	OFF	66.0
19-05-08 01:00:19	68.8	80.0	65.0	OFF	70.5	68.8	89.1	85.0	35.0	ON	89.7	85.6	162	DRY	171	138	10.16	1000	11.23	10.16	OFF	OFF	88.0	77.0	OFF	66.0
19-05-08 01:00:38	68.8	80.0	65.0	OFF	70.5	68.8	89.0	85.0	35.0	ON	89.7	85.6	163	DRY	171	138	10.25	1000	11.23	10.16	OFF	OFF	88.0	77.0	OFF	66.0
19-05-08 01:00:57	68.8	80.0	65.0	OFF	70.5	68.8	89.1	85.0	35.0	ON	89.7	85.6	160	DRY	171	138	10.35	1000	11.23	10.16	OFF	OFF	88.0	77.0	OFF	66.0
19-05-08 01:15:16	68.6	80.0	65.0	OFF	70.5	68.5	89.2	85.0	35.0	ON	89.7	85.6	167	DRY	171	138	10.25	1000	11.23	9.96	OFF	OFF	88.0	77.0	OFF	66.0
19-05-08 01:15:36	68.5	80.0	65.0	OFF	70.5	68.5	89.0	85.0	35.0	ON	89.7	85.6	159	DRY	171	138	10.25	1000	11.23	9.96	OFF	OFF	88.0	77.0	OFF	66.0
19-05-08 01:15:55	68.5	80.0	65.0	OFF	70.5	68.5	88.8	85.0	35.0	ON	89.7	85.6	157	DRY	171	138	10.25	1000	11.23	9.96	OFF	OFF	88.0	77.0	OFF	66.0
19-05-08 01:30:14	68.2	80.0	65.0	OFF	70.5	68.2	89.6	85.0	35.0	ON	89.7	85.6	153	DRY	171	138	10.06	1000	11.23	9.96	OFF	OFF	88.0	77.0	OFF	66.0
19-05-08 01:30:33	68.2	80.0	65.0	OFF	70.5	68.2	89.7	85.0	35.0	ON	89.7	85.6	148	DRY	171	138	10.06	1000	11.23	9.96	OFF	OFF	88.0	77.0	OFF	66.0
19-05-08 01:30:52	68.2	80.0	65.0	OFF	70.5	68.2	89.5	85.0	35.0	ON	89.7	85.6	148	DRY	171	138	9.96	1000	11.23	9.96	OFF	OFF	88.0	77.0	OFF	66.0
19-05-08 01:45:12	67.9	80.0	65.0	OFF	70.5	67.9	90.0	85.0	35.0	ON	90.3	85.6	151	DRY	171	138	9.86	1000	11.23	9.86	OFF	OFF	88.0	77.0	OFF	66.0
19-05-08 01:45:31	67.9	80.0	65.0	OFF	70.5	67.9	90.0	85.0	35.0	ON	90.3	85.6	151	DRY	171	138	9.77	1000	11.23	9.77	OFF	OFF	88.0	77.0	OFF	66.0
19-05-08 01:45:50	68.0	80.0	65.0	OFF	70.5	67.9	90.0	85.0	35.0	ON	90.3	85.6	147	DRY	171	138	9.96	1000	11.23	9.77	OFF	OFF	88.0	77.0	OFF	66.0
19-05-08 02:00:10	67.6	80.0	65.0	OFF	70.5	67.6	90.8	85.0	35.0	ON	90.8	85.6	145	DRY	171	138	9.67	1000	11.23	9.67	OFF	OFF	88.0	77.0	OFF	66.0
19-05-08 02:00:29	67.6	80.0	65.0	OFF	70.5	67.6	90.8	85.0	35.0	ON	90.8	85.6	143	DRY	171	138	9.67	1000	11.23	9.67	OFF	OFF	88.0	77.0	OFF	66.0
19-05-08 02:00:48	67.6	80.0	65.0	OFF	70.5	67.6	90.7	85.0	35.0	ON	90.8	85.6	145	DRY	171	138	9.86	1000	11.23	9.67	OFF	OFF	88.0	77.0	OFF	66.0
19-05-08 02:15:07	67.4	80.0	65.0	OFF	70.5	67.4	91.3	85.0	35.0	ON	91.4	85.6	144	DRY	171	138	9.67	1000	11.23	9.47	OFF	OFF	88.0	77.0	OFF	66.0
19-05-08 02:15:26	67.4	80.0	65.0	OFF	70.5	67.4	91.3	85.0	35.0	ON	91.4	85.6	146	DRY	171	138	9.67	1000	11.23	9.47	OFF	OFF	88.0	77.0	OFF	66.0
19-05-08 02:15:46	67.4	80.0	65.0	OFF	70.5	67.4	91.2	85.0	35.0	ON	91.4	85.6	143	DRY	171	138	9.67	1000	11.23	9.47	OFF	OFF	88.0	77.0	OFF	66.0
19-05-08 02:30:05	67.2	80.0	65.0	OFF	70.5	67.2	92.0	85.0	35.0	ON	92.1	85.6	149	DRY	171	138	9.47	1000	11.23	9.38	OFF	OFF	88.0	77.0	OFF	66.0
19-05-08 02:30:24	67.2	80.0	65.0	OFF	70.5	67.2	92.0	85.0	35.0	ON	92.1	85.6	144	DRY	171	138	9.38	1000	11.23	9.38	OFF	OFF	88.0	77.0	OFF	66.0
19-05-08 02:30:43	67.2	80.0	65.0	OFF	70.5	67.2	91.9	85.0	35.0	ON	92.1	85.6	147	DRY	171	138	9.47	1000	11.23	9.38	OFF	OFF	88.0	77.0	OFF	66.0
19-05-08 02:45:03	67.0	80.0	65.0	OFF	70.5	67.0	92.4	85.0	35.0	ON	92.6	85.6	152	DRY	171	138	9.47	1000	11.23	9.28	OFF	OFF	88.0	77.0	OFF	66.0
19-05-08 02:45:22	66.9	80.0	65.0	OFF	70.5	66.9	92.3	85.0	35.0	ON	92.6	85.6	148	DRY	171	138	9.38	1000	11.23	9.28	OFF	OFF	88.0	77.0	OFF	66.0
19-05-08 02:45:41	67.0	80.0	65.0	OFF	70.5	66.9	92.3	85.0	35.0	ON	92.6	85.6	151	DRY	171	138	9.38	1000	11.23	9.28	OFF	OFF	88.0	77.0	OFF	66.0
19-05-08 03:00:01	66.8	80.0	65.0	OFF	70.5	66.7	92.7	85.0	35.0	ON	92.7	85.6	145	DRY	171	138	9.38	1000	11.23	9.08	OFF	OFF	88.0	77.0	OFF	66.0
19-05-08 03:00:20	66.7	80.0	65.0	OFF	70.5	66.7	92.5	85.0	35.0	ON	92.7	85.6	146	DRY	171	138	9.28	1000	11.23	9.08	OFF	OFF	88.0	77.0	OFF	66.0
19-05-08 03:00:39	66.7	80.0	65.0	OFF	70.5	66.7	92.6	85.0	35.0	ON	92.7	85.6	143	DRY	171	138	9.28	1000	11.23	9.08	OFF	OFF	88.0	77.0	OFF	66.0
19-05-08 03:00:58	66.8	80.0	65.0	OFF	70.5	66.7	92.6	85.0	35.0	ON	92.7	85.6	141	DRY	171	138	9.28	1000	11.23	9.08	OFF	OFF	88.0	77.0	OFF	66.0
19-05-08 03:15:17	66.5	80.0	65.0	OFF	70.5	66.5	92.9	85.0	35.0	ON	93.1	85.6	147	DRY	171	138	9.28	1000	11.23	8.98	OFF	OFF	88.0	77.0	OFF	66.0
19-05-08 03:15:36	66.5	80.0	65.0	OFF	70.5	66.5	93.0	85.0	35.0	ON	93.1	85.6	145	DRY	171	138	9.18	1000	11.23	8.98	OFF	OFF	88.0	77.0	OFF	66.0
19-05-08 03:15:56	66.6	80.0	65.0	OFF	70.5	66.5	93.0	85.0	35.0	ON	93.1	85.6	145	DRY	171	138	9.28	1000	11.23	8.98	OFF	OFF	88.0	77.0	OFF	66.0
19-05-08 03:30:15	66.4	80.0	65.0	OFF	70.5	66.3	93.4	85.0	35.0	ON	93.4	85.6	141	DRY	171	138	9.08	1000	11.23	8.98	OFF	OFF	88.0	77.0	OFF	66.0
19-05-08 03:30:34	66.3	80.0	65.0	OFF	70.5	66.3	93.5	85.0	35.0	ON	93.5	85.6	142	DRY	171	138	9.08	1000	11.23	8.98	OFF	OFF	88.0	77.0	OFF	66.0
19-05-08 03:30:53	66.4	80.0	65.0	OFF	70.5	66.3	93.6	85.0	35.0	ON	93.6	85.6	142	DRY	171	138	9.08	1000	11.23	8.98	OFF	OFF	88.0	77.0	OFF	66.0
19-05-08 03:45:13	66.2	80.0	65.0	OFF	70.5	66.2	93.4	85.0	35.0	ON	93.7	85.6	147	DRY	171	138	8.98	1000	11.23	8.89	OFF	OFF	88.0	77.0	OFF	66.0
19-05-08 03:45:32	66.2	80.0	65.0	OFF	70.5	66.2	93.4	85.0	35.0	ON	93.7	85.6	143	DRY	171	138	8.89	1000	11.23	8.89	OFF	OFF	88.0	77.0	OFF	66.0
19-05-08 03:45:51	66.2	80.0	65.0	OFF	70.5	66.2	93.5	85.0	35.0	ON	93.7	85.6	142	DRY	171	138	9.08	1000	11.23	8.89	OFF	OFF	88.0	77.0	OFF	66.0
19-05-08 04:00:10	66.0	80.0	65.0	OFF	70.5	66.0	93.7	85.0	35.0	ON	93.9	85.6	147	DRY	171	138	8.79	1000	11.23	8.69	OFF	OFF	88.0	77.0	OFF	66.0
19-05-08 04:00:29	66.0	80.0	65.0	OFF	70.5	66.0	93.9	85.0	35.0	ON	93.9	85.6	144	DRY	171	138	8.89	1000	11.23	8.69	OFF	OFF	88.0	77.0	OFF	66.0
19-05-08 04:00:49	66.0	80.0	65.0	OFF	70.5	66.0	94.0	85.0	35.0	ON	94.0	85.6	147	DRY	171	138	8.89	1000	11.23	8.69	OFF	OFF	88.0	77.0	OFF	66.0
19-05-08 04:15:08	65.9	80.0	65.0	OFF	70.5	65.8	94.1	85.0	35.0	ON	94.1	85.6	144	DRY	171	138	8.69	1000	11.23	8.69	OFF	OFF	88.0	77.0	OFF	66.0
19-05-08 04:15:27	65.8	80.0	65.0	OFF	70.5	65.8	94.1	85.0	35.0	ON	94.1	85.6	143	DRY	171	138	8.69	1000	11.23	8.69	OFF	OFF	88.0	77.0	OFF	66.0
19-05-08 04:15:46	65.8	80.0	65.0	OFF	70.5	65.8	94.0	85.0	35.0	ON	94.1	85.6	145	DRY	171	138	8.79	1000	11.23	8.69	OFF	OFF	88.0	77.0	OFF	66.0
19-05-08 04:30:05	65.7	80.0	65.0	OFF	70.5	65.7	94.2	85.0	35.0	ON	94.3	85.6	149	DRY	171	138	8.69	1000	11.23	8.59	OFF	OFF	88.0	77.0	OFF	66.0
19-05-08 04:30:24	65.7	80.0	65.0	OFF	70.5	65.7	94.1	85.0	35.0	ON	94.3	85.6	146	DRY	171	138	8.69	1000	11.23	8.59	OFF	OFF	88.0	77.0	OFF	66.0
19-05-08 04:30:43	65.7	80.0	65.0	OFF	70.5	65.7	94.1	85.0	35.0	ON	94.3	85.6	151	DRY	171	138	8.69	1000	11.23	8.59	OFF	OFF	88.0	77.0	OFF	66.0
19-05-08 04:45:03	65.5	80.0	65.0	OFF	70.5	65.5	94.1	85.0	35.0	ON	94.5	85.6	140	DRY	171	138	8.69	1000	11.23	8.5	OFF	OFF	88.0	77.0	OFF	66.0
19-05-08 04:45:22	65.5	80.0	65.0	OFF	70.5	65.5	94.1	85.0	35.0	ON	94.5	85.6	143	DRY	171	138	8.5	1000	11.23	8.5	OFF	OFF	88.0	77.0	OFF	66.0
19-05-08 04:45:41	65.5	80.0	65.0	OFF	70.5	65.5	94.2	85.0	35.0	ON	94.5	85.6	140	DRY	171	138	8.59	1000	11.23	8.5	OFF	OFF	88.0	77.0	OFF	66.0
19-05-08 05:00:00	65.4	80.0	65.0	OFF	70.5	65.4	94.4	85.0	35.0	ON	94.6	85.6	139	DRY	171	137	8.5	1000	11.23	8.4	OFF	OFF	88.0	77.0	OFF	66.0
19-05-08 05:00:19	65.4	80.0	65.0	OFF	70.5	65.4	94.4	85.0	35.0	ON	94.6	85.6	141	DRY	171	137	8.5	1000	11.23	8.4	OFF	OFF	88.0	77.0	OFF	66.0
19-05-08 05:00:38	65.5	80.0	65.0	OFF	70.5	65.4	94.1	85.0	35.0	ON	94.6	85.6	139	DRY	171	137	8.5	1000	11.23	8.4	OFF	OFF	88.0	77.0	OFF	66.0
19-05-08 05:00:57	65.5	80.0	65.0	OFF	70.5	65.4	93.8	85.0	35.0	ON	94.6	85.6	141	DRY	171	137	8.4	1000	11.23	8.4	OFF	OFF	88.0	77.0	OFF	66.0
19-05-08 05:15:17	68.3	80.0	65.0	OFF	70.5	65.4	87.6	85.0	35.0	ON	94.6	85.6	135	DRY	171	135	8.89	1000	11.23	8.3	OFF	OFF	88.0	77.0	OFF	66.0
19-05-08 05:15:36	68.3	80.0	65.0	OFF	70.5	65.4	87.5	85.0	35.0	ON	94.6	85.6	136	DRY	171	135	8.69	1000	11.23	8.3	OFF	OFF	88.0	77.0	OFF	66.0
19-05-08 05:15:55	68.3	80.0	65.0	OFF	70.5	65.4	87.2	85.0	35.0	ON	94.6	85.6	137	DRY	171	135	8.69	1000	11.23	8.3	OFF	OFF	88.0	77.0	OFF	66.0
19-05-08 05:30:14	69.7	80.0	65.0	OFF	70.5	65.4	84.3	85.0	35.0	OFF	94.6	84.3	134	DRY	171	129	9.08	1000	11.23	8.3	OFF	OFF	88.0	77.0	OFF	66.0
19-05-08 05:30:33	69.7	80.0	65.0	OFF	70.5	65.4	84.2	85.0	35.0	OFF	94.6	84.2	131	DRY	171	129	8.89	1000	11.23	8.3	OFF	OFF	88.0	77.0	OFF	66.0
19-05-08 05:30:53	69.7	80.0	65.0	OFF	70.5	65.4	84.1	85.0	35.0	OFF	94.6	84.1	133	DRY	171	129	9.08	1000	11.23	8.3	OFF	OFF	88.0	77.0	OFF	66.0
19-05-08 05:45:12	70.5	80.0	65.0	OFF	70.5	65.4	82.6	85.0	35.0	OFF	94.6	82.6	128	DRY	171	124	9.18	1000	11.23	8.3	OFF	OFF	88.0	77.0	OFF	66.0
19-05-08 05:45:31	70.5	80.0	65.0	OFF	70.5	65.4	82.5	85.0	35.0	OFF	94.6	82.5	127	DRY	171	124	9.28	1000	11.23	8.3	OFF	OFF	88.0	77.0	OFF	66.0
19-05-08 05:45:50	70.5	80.0	65.0	OFF	70.5	65.4	82.5	85.0	35.0	OFF	94.6	82.5	127	DRY	171	124	9.28	1000	11.23	8.3	OFF	OFF	88.0	77.0	OFF	66.0
19-05-08 06:00:10	71.0	80.0	65.0	OFF	71.0	65.4	81.5	85.0	35.0	OFF	94.6	81.5	126	DRY	171	118	9.28	1000	11.23	8.3	OFF	OFF	88.0	77.0	OFF	66.0
19-05-08 06:00:29	71.0	80.0	65.0	OFF	71.0	65.4	81.5	85.0	35.0	OFF	94.6	81.5	124	DRY	171	118	9.38	1000	11.23	8.3	OFF	OFF	88.0	77.0	OFF	66.0
19-05-08 06:00:48	71.0	80.0	65.0	OFF	71.0	65.4	81.5	85.0	35.0	OFF	94.6	81.5	123	DRY	171	118	9.28	1000	11.23	8.3	OFF	OFF	88.0	77.0	OFF	66.0
19-05-08 06:15:07	71.3	80.0	65.0	OFF	71.4	65.4	80.7	85.0	35.0	OFF	94.6	80.7	123	DRY	171	116	9.47	1000	11.23	8.3	OFF	OFF	88.0	77.0	OFF	66.0
19-05-08 06:15:26	71.4	80.0	65.0	OFF	71.4	65.4	80.8	85.0	35.0	OFF	94.6	80.7	123	DRY	171	116	9.38	1000	11.23	8.3	OFF	OFF	88.0	77.0	OFF	66.0
19-05-08 06:15:45	71.3	80.0	65.0	OFF	71.4	65.4	80.7	85.0	35.0	OFF	94.6	80.7	122	DRY	171	116	9.47	1000	11.23	8.3	OFF	OFF	88.0	77.0	OFF	66.0
19-05-08 06:30:05	71.6	80.0	65.0	OFF	71.6	65.4	80.0	85.0	35.0	OFF	94.6	80.0	116	DRY	171	114	9.38	1000	11.23	8.3	OFF	OFF	88.0	77.0	OFF	66.0
19-05-08 06:30:24	71.6	80.0	65.0	OFF	71.6	65.4	80.0	85.0	35.0	OFF	94.6	80.0	115	DRY	171	114	9.57	1000	11.23	8.3	OFF	OFF	88.0	77.0	OFF	66.0
19-05-08 06:30:43	71.6	80.0	65.0	OFF	71.6	65.4	80.0	85.0	35.0	OFF	94.6	80.0	118	DRY	171	114	9.47	1000	11.23	8.3	OFF	OFF	88.0	77.0	OFF	66.0
19-05-08 06:45:02	71.8	80.0	65.0	OFF	71.8	65.4	79.7	85.0	35.0	OFF	94.6	79.7	116	DRY	171	110	9.67	1000	11.23	8.3	OFF	OFF	88.0	77.0	OFF	66.0
19-05-08 06:45:22	71.8	80.0	65.0	OFF	71.8	65.4	79.7	85.0	35.0	OFF	94.6	79.7	117	DRY	171	110	9.57	1000	11.23	8.3	OFF	OFF	88.0	77.0	OFF	66.0
19-05-08 06:45:41	71.8	80.0	65.0	OFF	71.8	65.4	79.7	85.0	35.0	OFF	94.6	79.7	114	DRY	171	110	9.67	1000	11.23	8.3	OFF	OFF	88.0	77.0	OFF	66.0
19-05-08 07:00:00	72.0	80.0	65.0	OFF	72.0	65.4	79.3	85.0	35.0	OFF	94.6	79.3	110	DRY	171	108	9.47	1000	11.23	8.3	OFF	OFF	88.0	77.0	OFF	66.0
19-05-08 07:00:19	72.0	80.0	65.0	OFF	72.0	65.4	79.3	85.0	35.0	OFF	94.6	79.3	110	DRY	171	108	9.47	1000	11.23	8.3	OFF	OFF	88.0	77.0	OFF	66.0
19-05-08 07:00:38	72.0	80.0	65.0	OFF	72.0	65.4	79.3	85.0	35.0	OFF	94.6	79.3	113	DRY	171	108	9.47	1000	11.23	8.3	OFF	OFF	88.0	77.0	OFF	66.0
19-05-08 07:00:57	72.0	80.0	65.0	OFF	72.0	65.4	79.3	85.0	35.0	OFF	94.6	79.3	110	DRY	171	108	9.67	1000	11.23	8.3	OFF	OFF	88.0	77.0	OFF	66.0
19-05-08 07:15:16	72.0	80.0	65.0	OFF	72.0	65.4	79.0	85.0	35.0	OFF	94.6	79.0	109	DRY	171	108	9.67	1000	11.23	8.3	OFF	OFF	88.0	77.0	OFF	66.0
19-05-08 07:15:35	72.0	80.0	65.0	OFF	72.0	65.4	79.0	85.0	35.0	OFF	94.6	79.0	109	DRY	171	108	9.57	1000	11.23	8.3	OFF	OFF	88.0	77.0	OFF	66.0
19-05-08 07:15:54	72.0	80.0	65.0	OFF	72.0	65.4	79.0	85.0	35.0	OFF	94.6	79.0	109	DRY	171	108	9.57	1000	11.23	8.3	OFF	OFF	88.0	77.0	OFF	66.0
19-05-08 07:30:14	72.1	80.0	65.0	OFF	72.2	65.4	78.6	85.0	35.0	OFF	94.6	78.6	112	DRY	171	103	9.67	1000	11.23	8.3	OFF	OFF	88.0	77.0	OFF	66.0
19-05-08 07:30:33	72.2	80.0	65.0	OFF	72.2	65.4	78.7	85.0	35.0	OFF	94.6	78.6	106	DRY	171	103	9.57	1000	11.23	8.3	OFF	OFF	88.0	77.0	OFF	66.0
19-05-08 07:30:52	72.1	80.0	65.0	OFF	72.2	65.4	78.6	85.0	35.0	OFF	94.6	78.6	107	DRY	171	103	9.67	1000	11.23	8.3	OFF	OFF	88.0	77.0	OFF	66.0
19-05-08 07:45:11	72.2	80.0	65.0	OFF	72.2	65.4	78.4	85.0	35.0	OFF	94.6	78.4	105	DRY	171	103	9.57	1000	11.23	8.3	OFF	OFF	88.0	77.0	OFF	66.0
19-05-08 07:45:31	72.2	80.0	65.0	OFF	72.2	65.4	78.4	85.0	35.0	OFF	94.6	78.4	113	DRY	171	103	9.57	1000	11.23	8.3	OFF	OFF	88.0	77.0	OFF	66.0
19-05-08 07:45:50	72.1	80.0	65.0	OFF	72.2	65.4	78.4	85.0	35.0	OFF	94.6	78.4	104	DRY	171	103	9.57	1000	11.23	8.3	OFF	OFF	88.0	77.0	OFF	66.0
19-05-08 08:00:09	72.2	80.0	65.0	OFF	72.2	65.4	78.2	85.0	35.0	OFF	94.6	78.2	103	DRY	171	95	9.57	1000	11.23	8.3	OFF	OFF	88.0	77.0	OFF	66.0
19-05-08 08:00:28	72.2	80.0	65.0	OFF	72.2	65.4	78.2	85.0	35.0	OFF	94.6	78.2	106	DRY	171	95	9.47	1000	11.23	8.3	OFF	OFF	88.0	77.0	OFF	66.0
19-05-08 08:00:47	72.2	80.0	65.0	OFF	72.2	65.4	78.2	85.0	35.0	OFF	94.6	78.2	103	DRY	171	95	9.57	1000	11.23	8.3	OFF	OFF	88.0	77.0	OFF	66.0
19-05-08 08:15:07	72.2	80.0	65.0	OFF	72.2	65.4	78.1	85.0	35.0	OFF	94.6	78.0	109	DRY	171	95	9.47	1000	11.23	8.3	OFF	OFF	88.0	77.0	OFF	66.0
19-05-08 08:15:26	72.2	80.0	65.0	OFF	72.2	65.4	78.1	85.0	35.0	OFF	94.6	78.0	105	DRY	171	95	9.57	1000	11.23	8.3	OFF	OFF	88.0	77.0	OFF	66.0
19-05-08 08:15:45	72.2	80.0	65.0	OFF	72.2	65.4	78.0	85.0	35.0	OFF	94.6	78.0	107	DRY	171	95	9.57	1000	11.23	8.3	OFF	OFF	88.0	77.0	OFF	66.0
19-05-08 08:30:04	72.3	80.0	65.0	OFF	72.3	65.4	77.8	85.0	35.0	OFF	94.6	77.8	103	DRY	171	95	9.67	1000	11.23	8.3	OFF	OFF	88.0	77.0	OFF	66.0
19-05-08 08:30:23	72.3	80.0	65.0	OFF	72.3	65.4	77.9	85.0	35.0	OFF	94.6	77.8	101	DRY	171	95	9.38	1000	11.23	8.3	OFF	OFF	88.0	77.0	OFF	66.0
19-05-08 08:30:42	72.3	80.0	65.0	OFF	72.3	65.4	77.9	85.0	35.0	OFF	94.6	77.8	103	DRY	171	95	9.67	1000	11.23	8.3	OFF	OFF	88.0	77.0	OFF	66.0
19-05-08 08:45:02	72.3	80.0	65.0	OFF	72.3	65.4	77.7	85.0	35.0	OFF	94.6	77.6	107	DRY	171	95	9.47	1000	11.23	8.3	OFF	OFF	88.0	77.0	OFF	66.0
19-05-08 08:45:21	72.3	80.0	65.0	OFF	72.3	65.4	77.7	85.0	35.0	OFF	94.6	77.6	103	DRY	171	95	9.47	1000	11.23	8.3	OFF	OFF	88.0	77.0	OFF	66.0
19-05-08 08:45:40	72.2	80.0	65.0	OFF	72.3	65.4	77.7	85.0	35.0	OFF	94.6	77.6	103	DRY	171	95	9.47	1000	11.23	8.3	OFF	OFF	88.0	77.0	OFF	66.0
19-05-08 08:45:59	72.2	80.0	65.0	OFF	72.3	65.4	77.7	85.0	35.0	OFF	94.6	77.6	104	DRY	171	95	9.38	1000	11.23	8.3	OFF	OFF	88.0	77.0	OFF	66.0
19-05-08 09:00:18	72.3	80.0	65.0	OFF	72.3	65.4	77.4	85.0	35.0	OFF	94.6	77.4	101	DRY	171	95	9.38	1000	11.23	8.3	OFF	OFF	88.0	77.0	OFF	66.0
19-05-08 09:00:37	72.2	80.0	65.0	OFF	72.3	65.4	77.3	85.0	35.0	OFF	94.6	77.3	102	DRY	171	95	9.57	1000	11.23	8.3	OFF	OFF	88.0	77.0	OFF	66.0
19-05-08 09:00:57	72.3	80.0	65.0	OFF	72.3	65.4	77.4	85.0	35.0	OFF	94.6	77.3	105	DRY	171	95	9.47	1000	11.23	8.3	OFF	OFF	88.0	77.0	OFF	66.0
19-05-08 09:15:16	72.3	80.0	65.0	OFF	72.3	65.4	77.3	85.0	35.0	OFF	94.6	77.3	101	DRY	171	95	9.38	1000	11.23	8.3	OFF	OFF	88.0	77.0	OFF	66.0
19-05-08 09:15:35	72.3	80.0	65.0	OFF	72.3	65.4	77.3	85.0	35.0	OFF	94.6	77.3	99	DRY	171	95	9.38	1000	11.23	8.3	OFF	OFF	88.0	77.0	OFF	66.0
19-05-08 09:15:54	72.3	80.0	65.0	OFF	72.3	65.4	76.0	85.0	35.0	OFF	94.6	76.0	501	PERFECT	501	95	8.79	1000	11.23	8.3	OFF	OFF	88.0	77.0	OFF	66.0
19-05-08 09:30:13	71.9	80.0	65.0	OFF	72.3	65.4	76.9	85.0	35.0	OFF	94.6	64.4	511	PERFECT	523	95	8.79	1000	11.23	7.91	OFF	OFF	88.0	77.0	OFF	66.0
19-05-08 09:30:32	71.8	80.0	65.0	OFF	72.3	65.4	77.0	85.0	35.0	OFF	94.6	64.4	517	PERFECT	523	95	8.89	1000	11.23	7.91	OFF	OFF	88.0	77.0	OFF	66.0
19-05-08 09:30:51	71.9	80.0	65.0	OFF	72.3	65.4	77.1	85.0	35.0	OFF	94.6	64.4	515	PERFECT	523	95	8.79	1000	11.23	7.91	OFF	OFF	88.0	77.0	OFF	66.0
19-05-08 09:45:11	71.9	80.0	65.0	OFF	72.3	65.4	79.3	85.0	35.0	OFF	94.6	64.4	516	PERFECT	527	95	9.08	1000	11.23	7.91	OFF	OFF	88.0	77.0	OFF	66.0
19-05-08 09:45:30	71.9	80.0	65.0	OFF	72.3	65.4	79.3	85.0	35.0	OFF	94.6	64.4	514	PERFECT	527	95	9.08	1000	11.23	7.91	OFF	OFF	88.0	77.0	OFF	66.0
19-05-08 09:45:49	71.9	80.0	65.0	OFF	72.3	65.4	79.4	85.0	35.0	OFF	94.6	64.4	519	PERFECT	527	95	9.18	1000	11.23	7.91	OFF	OFF	88.0	77.0	OFF	66.0
19-05-08 10:00:09	71.9	80.0	65.0	OFF	72.3	65.4	80.5	85.0	35.0	OFF	94.6	64.4	522	PERFECT	532	95	9.28	1000	37.99	7.91	OFF	OFF	88.0	77.0	OFF	66.0
19-05-08 10:00:28	72.0	80.0	65.0	OFF	72.3	65.4	80.6	85.0	35.0	OFF	94.6	64.4	522	PERFECT	532	95	9.18	1000	37.99	7.91	OFF	OFF	88.0	77.0	OFF	66.0
19-05-08 10:00:47	72.0	80.0	65.0	OFF	72.3	65.4	80.6	85.0	35.0	OFF	94.6	64.4	523	PERFECT	532	95	9.18	1000	37.99	7.91	OFF	OFF	88.0	77.0	OFF	66.0
19-05-08 10:15:06	72.0	80.0	65.0	OFF	72.3	65.4	81.3	85.0	35.0	OFF	94.6	64.4	524	PERFECT	532	95	9.28	1000	37.99	7.91	OFF	OFF	88.0	77.0	OFF	66.0
19-05-08 10:15:25	72.0	80.0	65.0	OFF	72.3	65.4	81.5	85.0	35.0	OFF	94.6	64.4	524	PERFECT	532	95	9.38	1000	37.99	7.91	OFF	OFF	88.0	77.0	OFF	66.0
19-05-08 10:15:44	72.0	80.0	65.0	OFF	72.3	65.4	81.5	85.0	35.0	OFF	94.6	64.4	520	PERFECT	532	95	9.47	1000	37.99	7.91	OFF	OFF	88.0	77.0	OFF	66.0
19-05-08 10:30:01	72.0	80.0	65.0	OFF	72.3	65.4	82.0	85.0	35.0	OFF	94.6	64.4	527	PERFECT	532	95	9.57	1000	37.99	7.91	OFF	OFF	88.0	77.0	OFF	66.0
19-05-08 10:30:20	72.0	80.0	65.0	OFF	72.3	65.4	82.0	85.0	35.0	OFF	94.6	64.4	523	PERFECT	532	95	9.47	1000	37.99	7.91	OFF	OFF	88.0	77.0	OFF	66.0
19-05-08 10:30:40	72.1	80.0	65.0	OFF	72.3	65.4	82.1	85.0	35.0	OFF	94.6	64.4	524	PERFECT	532	95	9.38	1000	37.99	7.91	OFF	OFF	88.0	77.0	OFF	66.0
19-05-08 10:30:59	72.0	80.0	65.0	OFF	72.3	65.4	82.0	85.0	35.0	OFF	94.6	64.4	521	PERFECT	532	95	9.38	1000	37.99	7.91	OFF	OFF	88.0	77.0	OFF	66.0
19-05-08 10:45:16	72.0	80.0	65.0	OFF	72.3	65.4	82.7	85.0	35.0	OFF	94.6	64.4	522	PERFECT	533	95	9.47	1000	37.99	7.91	OFF	OFF	88.0	77.0	OFF	66.0
19-05-08 10:45:35	72.0	80.0	65.0	OFF	72.3	65.4	82.7	85.0	35.0	OFF	94.6	64.4	530	PERFECT	533	95	9.38	1000	37.99	7.91	OFF	OFF	88.0	77.0	OFF	66.0
19-05-08 10:45:54	72.0	80.0	65.0	OFF	72.3	65.4	82.7	85.0	35.0	OFF	94.6	64.4	524	PERFECT	533	95	9.47	1000	37.99	7.91	OFF	OFF	88.0	77.0	OFF	66.0
19-05-08 11:00:11	72.0	80.0	65.0	OFF	72.3	65.4	83.2	85.0	35.0	OFF	94.6	64.4	523	PERFECT	533	95	9.38	1000	37.99	7.91	OFF	OFF	88.0	77.0	OFF	66.0
19-05-08 11:00:30	72.0	80.0	65.0	OFF	72.3	65.4	83.2	85.0	35.0	OFF	94.6	64.4	526	PERFECT	533	95	9.57	1000	37.99	7.91	OFF	OFF	88.0	77.0	OFF	66.0
19-05-08 11:00:49	72.0	80.0	65.0	OFF	72.3	65.4	83.1	85.0	35.0	OFF	94.6	64.4	532	PERFECT	533	95	9.38	1000	37.99	7.91	OFF	OFF	88.0	77.0	OFF	66.0
19-05-08 11:15:06	72.1	80.0	65.0	OFF	72.3	65.4	83.5	85.0	35.0	OFF	94.6	64.4	518	PERFECT	534	95	9.67	1000	37.99	7.91	OFF	OFF	88.0	77.0	OFF	66.0
19-05-08 11:15:25	72.1	80.0	65.0	OFF	72.3	65.4	83.5	85.0	35.0	OFF	94.6	64.4	526	PERFECT	534	95	9.47	1000	37.99	7.91	OFF	OFF	88.0	77.0	OFF	66.0
19-05-08 11:15:44	72.1	80.0	65.0	OFF	72.3	65.4	83.5	85.0	35.0	OFF	94.6	64.4	518	PERFECT	534	95	9.67	1000	37.99	7.91	OFF	OFF	88.0	77.0	OFF	66.0
19-05-08 11:30:01	72.1	80.0	65.0	OFF	72.3	65.4	83.8	85.0	35.0	OFF	94.6	64.4	519	PERFECT	534	95	9.57	1000	37.99	7.91	OFF	OFF	88.0	77.0	OFF	66.0
19-05-08 11:30:20	72.1	80.0	65.0	OFF	72.3	65.4	83.7	85.0	35.0	OFF	94.6	64.4	518	PERFECT	534	95	9.57	1000	37.99	7.91	OFF	OFF	88.0	77.0	OFF	66.0
19-05-08 11:30:39	72.1	80.0	65.0	OFF	72.3	65.4	83.7	85.0	35.0	OFF	94.6	64.4	524	PERFECT	534	95	9.57	1000	37.99	7.91	OFF	OFF	88.0	77.0	OFF	66.0
19-05-08 11:30:58	72.1	80.0	65.0	OFF	72.3	65.4	83.8	85.0	35.0	OFF	94.6	64.4	523	PERFECT	534	95	9.57	1000	37.99	7.91	OFF	OFF	88.0	77.0	OFF	66.0
19-05-08 11:45:15	72.2	80.0	65.0	OFF	72.3	65.4	84.0	85.0	35.0	OFF	94.6	64.4	516	PERFECT	534	95	9.67	1000	37.99	7.91	OFF	OFF	88.0	77.0	OFF	66.0
19-05-08 11:45:34	72.2	80.0	65.0	OFF	72.3	65.4	84.0	85.0	35.0	OFF	94.6	64.4	522	PERFECT	534	95	9.57	1000	37.99	7.91	OFF	OFF	88.0	77.0	OFF	66.0
19-05-08 11:45:53	72.2	80.0	65.0	OFF	72.3	65.4	84.0	85.0	35.0	OFF	94.6	64.4	516	PERFECT	534	95	9.57	1000	37.99	7.91	OFF	OFF	88.0	77.0	OFF	66.0
19-05-08 12:00:10	72.3	80.0	65.0	OFF	72.3	65.4	84.2	85.0	35.0	OFF	94.6	64.4	521	PERFECT	534	95	9.77	1000	37.99	7.91	OFF	OFF	88.0	77.0	OFF	66.0
19-05-08 12:00:29	72.3	80.0	65.0	OFF	72.3	65.4	84.2	85.0	35.0	OFF	94.6	64.4	521	PERFECT	534	95	9.67	1000	37.99	7.91	OFF	OFF	88.0	77.0	OFF	66.0
19-05-08 12:00:48	72.3	80.0	65.0	OFF	72.3	65.4	84.2	85.0	35.0	OFF	94.6	64.4	523	PERFECT	534	95	9.67	1000	37.99	7.91	OFF	OFF	88.0	77.0	OFF	66.0
19-05-08 12:15:06	72.4	80.0	65.0	OFF	72.4	65.4	84.3	85.0	35.0	OFF	94.6	64.4	520	PERFECT	534	95	9.77	1000	37.99	7.91	OFF	OFF	88.0	77.0	OFF	66.0
19-05-08 12:15:26	72.4	80.0	65.0	OFF	72.4	65.4	84.3	85.0	35.0	OFF	94.6	64.4	519	PERFECT	534	95	9.77	1000	37.99	7.91	OFF	OFF	88.0	77.0	OFF	66.0
19-05-08 12:15:45	72.4	80.0	65.0	OFF	72.4	65.4	84.3	85.0	35.0	OFF	94.6	64.4	519	PERFECT	534	95	9.86	1000	37.99	7.91	OFF	OFF	88.0	77.0	OFF	66.0
19-05-08 12:30:04	72.5	80.0	65.0	OFF	72.5	65.4	84.6	85.0	35.0	OFF	94.6	64.4	520	PERFECT	534	95	9.67	1000	37.99	7.91	OFF	OFF	88.0	77.0	OFF	66.0
19-05-08 12:30:23	72.4	80.0	65.0	OFF	72.5	65.4	84.5	85.0	35.0	OFF	94.6	64.4	514	PERFECT	534	95	9.67	1000	37.99	7.91	OFF	OFF	88.0	77.0	OFF	66.0
19-05-08 12:30:42	72.4	80.0	65.0	OFF	72.5	65.4	84.6	85.0	35.0	OFF	94.6	64.4	518	PERFECT	534	95	9.77	1000	37.99	7.91	OFF	OFF	88.0	77.0	OFF	66.0
19-05-08 12:45:02	72.6	80.0	65.0	OFF	72.6	65.4	84.6	85.0	35.0	OFF	94.6	64.4	516	PERFECT	534	95	9.86	1000	37.99	7.91	OFF	OFF	88.0	77.0	OFF	66.0
19-05-08 12:45:21	72.6	80.0	65.0	OFF	72.6	65.4	84.6	85.0	35.0	OFF	94.6	64.4	518	PERFECT	534	95	9.86	1000	37.99	7.91	OFF	OFF	88.0	77.0	OFF	66.0
19-05-08 12:45:40	72.6	80.0	65.0	OFF	72.6	65.4	84.6	85.0	35.0	OFF	94.6	64.4	514	PERFECT	534	95	9.77	1000	37.99	7.91	OFF	OFF	88.0	77.0	OFF	66.0
19-05-08 12:45:59	72.7	80.0	65.0	OFF	72.7	65.4	84.7	85.0	35.0	OFF	94.6	64.4	511	PERFECT	534	95	9.86	1000	37.99	7.91	OFF	OFF	88.0	77.0	OFF	66.0
19-05-08 13:00:19	72.7	80.0	65.0	OFF	72.8	65.4	84.8	85.0	35.0	OFF	94.6	64.4	512	PERFECT	534	95	10.06	1000	37.99	7.91	OFF	OFF	88.0	77.0	OFF	66.0
19-05-08 13:00:38	72.7	80.0	65.0	OFF	72.8	65.4	85.0	85.0	35.0	ON	94.6	64.4	514	PERFECT	534	95	9.96	1000	37.99	7.91	OFF	OFF	88.0	77.0	OFF	66.0
19-05-08 13:00:57	72.7	80.0	65.0	OFF	72.8	65.4	84.8	85.0	35.0	OFF	94.6	64.4	513	PERFECT	534	95	10.25	1000	37.99	7.91	OFF	OFF	88.0	77.0	OFF	66.0
19-05-08 13:15:16	72.9	80.0	65.0	OFF	72.9	65.4	85.0	85.0	35.0	ON	94.6	64.4	509	PERFECT	534	95	10.06	1000	37.99	7.91	OFF	OFF	88.0	77.0	OFF	66.0
19-05-08 13:15:35	72.9	80.0	65.0	OFF	72.9	65.4	85.0	85.0	35.0	ON	94.6	64.4	515	PERFECT	534	95	10.06	1000	37.99	7.91	OFF	OFF	88.0	77.0	OFF	66.0
19-05-08 13:15:54	72.9	80.0	65.0	OFF	72.9	65.4	85.1	85.0	35.0	ON	94.6	64.4	517	PERFECT	534	95	10.06	1000	37.99	7.91	OFF	OFF	88.0	77.0	OFF	66.0
19-05-08 13:30:14	73.1	80.0	65.0	OFF	73.2	65.4	85.0	85.0	35.0	ON	94.6	64.4	508	PERFECT	534	95	10.16	1000	37.99	7.91	OFF	OFF	88.0	77.0	OFF	66.0
19-05-08 13:30:33	73.1	80.0	65.0	OFF	73.2	65.4	84.9	85.0	35.0	OFF	94.6	64.4	510	PERFECT	534	95	10.16	1000	37.99	7.91	OFF	OFF	88.0	77.0	OFF	66.0
19-05-08 13:30:52	73.1	80.0	65.0	OFF	73.2	65.4	85.0	85.0	35.0	ON	94.6	64.4	510	PERFECT	534	95	10.25	1000	37.99	7.91	OFF	OFF	88.0	77.0	OFF	66.0
19-05-08 13:45:11	73.3	80.0	65.0	OFF	73.3	65.4	85.1	85.0	35.0	ON	94.6	64.4	510	PERFECT	534	95	10.25	1000	37.99	7.91	OFF	OFF	88.0	77.0	OFF	66.0
19-05-08 13:45:31	73.3	80.0	65.0	OFF	73.3	65.4	85.1	85.0	35.0	ON	94.6	64.4	505	PERFECT	534	95	10.25	1000	37.99	7.91	OFF	OFF	88.0	77.0	OFF	66.0
19-05-08 13:45:50	73.3	80.0	65.0	OFF	73.3	65.4	85.1	85.0	35.0	ON	94.6	64.4	507	PERFECT	534	95	10.25	1000	37.99	7.91	OFF	OFF	88.0	77.0	OFF	66.0
19-05-08 14:00:09	73.5	80.0	65.0	OFF	73.5	65.4	85.3	85.0	35.0	ON	94.6	64.4	505	PERFECT	534	95	10.45	1000	37.99	7.91	OFF	OFF	88.0	77.0	OFF	66.0
19-05-08 14:00:28	73.5	80.0	65.0	OFF	73.5	65.4	85.3	85.0	35.0	ON	94.6	64.4	511	PERFECT	534	95	10.45	1000	37.99	7.91	OFF	OFF	88.0	77.0	OFF	66.0
19-05-08 14:00:48	73.5	80.0	65.0	OFF	73.5	65.4	85.3	85.0	35.0	ON	94.6	64.4	504	PERFECT	534	95	10.45	1000	37.99	7.91	OFF	OFF	88.0	77.0	OFF	66.0
19-05-08 14:15:07	73.6	80.0	65.0	OFF	73.7	65.4	85.3	85.0	35.0	ON	94.6	64.4	502	PERFECT	534	95	10.64	1000	37.99	7.91	OFF	OFF	88.0	77.0	OFF	66.0
19-05-08 14:15:26	73.7	80.0	65.0	OFF	73.7	65.4	85.4	85.0	35.0	ON	94.6	64.4	506	PERFECT	534	95	10.64	1000	37.99	7.91	OFF	OFF	88.0	77.0	OFF	66.0
19-05-08 14:15:45	73.7	80.0	65.0	OFF	73.7	65.4	85.4	85.0	35.0	ON	94.6	64.4	508	PERFECT	534	95	10.45	1000	37.99	7.91	OFF	OFF	88.0	77.0	OFF	66.0
19-05-08 14:30:05	73.9	80.0	65.0	OFF	73.9	65.4	85.5	85.0	35.0	ON	94.6	64.4	506	PERFECT	534	95	10.64	1000	37.99	7.91	OFF	OFF	88.0	77.0	OFF	66.0
19-05-08 14:30:24	73.9	80.0	65.0	OFF	73.9	65.4	85.6	85.0	35.0	ON	94.6	64.4	505	PERFECT	534	95	10.84	1000	37.99	7.91	OFF	OFF	88.0	77.0	OFF	66.0
19-05-08 14:30:43	73.9	80.0	65.0	OFF	73.9	65.4	85.5	85.0	35.0	ON	94.6	64.4	502	PERFECT	534	95	10.64	1000	37.99	7.91	OFF	OFF	88.0	77.0	OFF	66.0
19-05-08 14:45:03	74.1	80.0	65.0	OFF	74.1	65.4	85.8	85.0	35.0	ON	94.6	64.4	497	PERFECT	534	95	10.84	1000	37.99	7.91	OFF	OFF	88.0	77.0	OFF	66.0
19-05-08 14:45:22	74.1	80.0	65.0	OFF	74.1	65.4	85.8	85.0	35.0	ON	94.6	64.4	501	PERFECT	534	95	10.84	1000	37.99	7.91	OFF	OFF	88.0	77.0	OFF	66.0
19-05-08 14:45:41	74.1	80.0	65.0	OFF	74.1	65.4	85.9	85.0	35.0	ON	94.6	64.4	503	PERFECT	534	95	10.84	1000	37.99	7.91	OFF	OFF	88.0	77.0	OFF	66.0
19-05-08 15:00:00	74.3	80.0	65.0	OFF	74.4	65.4	85.7	85.0	35.0	ON	94.6	64.4	494	PERFECT	534	95	10.94	1000	37.99	7.91	OFF	OFF	88.0	77.0	OFF	66.0
19-05-08 15:00:19	74.4	80.0	65.0	OFF	74.4	65.4	85.8	85.0	35.0	ON	94.6	64.4	498	PERFECT	534	95	11.04	1000	37.99	7.91	OFF	OFF	88.0	77.0	OFF	66.0
19-05-08 15:00:39	74.4	80.0	65.0	OFF	74.4	65.4	85.7	85.0	35.0	ON	94.6	64.4	508	PERFECT	534	95	11.04	1000	37.99	7.91	OFF	OFF	88.0	77.0	OFF	66.0
19-05-08 15:00:58	74.4	80.0	65.0	OFF	74.4	65.4	85.7	85.0	35.0	ON	94.6	64.4	500	PERFECT	534	95	10.94	1000	37.99	7.91	OFF	OFF	88.0	77.0	OFF	66.0
19-05-08 15:15:17	74.6	80.0	65.0	OFF	74.6	65.4	85.8	85.0	35.0	ON	94.6	64.4	494	PERFECT	534	95	11.13	1000	37.99	7.91	OFF	OFF	88.0	77.0	OFF	66.0
19-05-08 15:15:36	74.6	80.0	65.0	OFF	74.6	65.4	85.8	85.0	35.0	ON	94.6	64.4	496	PERFECT	534	95	11.23	1000	37.99	7.91	OFF	OFF	88.0	77.0	OFF	66.0
19-05-08 15:15:55	74.6	80.0	65.0	OFF	74.6	65.4	85.8	85.0	35.0	ON	94.6	64.4	495	PERFECT	534	95	11.23	1000	37.99	7.91	OFF	OFF	88.0	77.0	OFF	66.0
19-05-08 15:30:15	74.9	80.0	65.0	OFF	74.9	65.4	85.9	85.0	35.0	ON	94.6	64.4	500	PERFECT	534	95	11.43	1000	37.99	7.91	OFF	OFF	88.0	77.0	OFF	66.0
19-05-08 15:30:34	74.9	80.0	65.0	OFF	74.9	65.4	85.9	85.0	35.0	ON	94.6	64.4	495	PERFECT	534	95	11.43	1000	37.99	7.91	OFF	OFF	88.0	77.0	OFF	66.0
19-05-08 15:30:53	74.9	80.0	65.0	OFF	74.9	65.4	85.9	85.0	35.0	ON	94.6	64.4	496	PERFECT	534	95	11.23	1000	37.99	7.91	OFF	OFF	88.0	77.0	OFF	66.0
19-05-08 15:45:12	75.1	80.0	65.0	OFF	75.1	65.4	85.9	85.0	35.0	ON	94.6	64.4	492	PERFECT	534	95	11.43	1000	37.99	7.91	OFF	OFF	88.0	77.0	OFF	66.0
19-05-08 15:45:31	75.1	80.0	65.0	OFF	75.1	65.4	86.0	85.0	35.0	ON	94.6	64.4	490	PERFECT	534	95	11.43	1000	37.99	7.91	OFF	OFF	88.0	77.0	OFF	66.0
19-05-08 15:45:50	75.1	80.0	65.0	OFF	75.1	65.4	85.9	85.0	35.0	ON	94.6	64.4	490	PERFECT	534	95	11.62	1000	37.99	7.91	OFF	OFF	88.0	77.0	OFF	66.0
19-05-08 16:00:10	75.4	80.0	65.0	OFF	75.4	65.4	86.1	85.0	35.0	ON	94.6	64.4	484	PERFECT	534	95	11.62	1000	37.99	7.91	OFF	OFF	88.0	77.0	OFF	66.0
19-05-08 16:00:29	75.4	80.0	65.0	OFF	75.4	65.4	86.1	85.0	35.0	ON	94.6	64.4	492	PERFECT	534	95	11.62	1000	37.99	7.91	OFF	OFF	88.0	77.0	OFF	66.0
19-05-08 16:00:48	75.4	80.0	65.0	OFF	75.4	65.4	86.1	85.0	35.0	ON	94.6	64.4	492	PERFECT	534	95	11.72	1000	37.99	7.91	OFF	OFF	88.0	77.0	OFF	66.0
19-05-08 16:15:07	75.6	80.0	65.0	OFF	75.6	65.4	86.1	85.0	35.0	ON	94.6	64.4	489	PERFECT	534	95	11.91	1000	37.99	7.91	OFF	OFF	88.0	77.0	OFF	66.0
19-05-08 16:15:26	75.6	80.0	65.0	OFF	75.6	65.4	86.1	85.0	35.0	ON	94.6	64.4	483	PERFECT	534	95	11.91	1000	37.99	7.91	OFF	OFF	88.0	77.0	OFF	66.0
19-05-08 16:15:45	75.5	80.0	65.0	OFF	75.6	65.4	86.0	85.0	35.0	ON	94.6	64.4	486	PERFECT	534	95	11.91	1000	37.99	7.91	OFF	OFF	88.0	77.0	OFF	66.0
19-05-08 16:30:05	75.9	80.0	65.0	OFF	75.9	65.4	86.2	85.0	35.0	ON	94.6	64.4	485	PERFECT	534	95	12.01	1000	37.99	7.91	OFF	OFF	88.0	77.0	OFF	66.0
19-05-08 16:30:24	75.9	80.0	65.0	OFF	75.9	65.4	86.2	85.0	35.0	ON	94.6	64.4	478	PERFECT	534	95	12.11	1000	37.99	7.91	OFF	OFF	88.0	77.0	OFF	66.0
19-05-08 16:30:43	75.9	80.0	65.0	OFF	75.9	65.4	86.2	85.0	35.0	ON	94.6	64.4	479	PERFECT	534	95	12.21	1000	37.99	7.91	OFF	OFF	88.0	77.0	OFF	66.0
19-05-08 16:45:02	76.1	80.0	65.0	OFF	76.1	65.4	86.1	85.0	35.0	ON	94.6	64.4	478	PERFECT	534	95	12.21	1000	37.99	7.91	OFF	OFF	88.0	77.0	OFF	66.0
19-05-08 16:45:21	76.1	80.0	65.0	OFF	76.1	65.4	86.1	85.0	35.0	ON	94.6	64.4	482	PERFECT	534	95	12.21	1000	37.99	7.91	OFF	OFF	88.0	77.0	OFF	66.0
19-05-08 16:45:40	76.1	80.0	65.0	OFF	76.1	65.4	86.1	85.0	35.0	ON	94.6	64.4	488	PERFECT	534	95	12.21	1000	37.99	7.91	OFF	OFF	88.0	77.0	OFF	66.0
19-05-08 16:45:59	76.1	80.0	65.0	OFF	76.1	65.4	86.1	85.0	35.0	ON	94.6	64.4	481	PERFECT	534	95	12.4	1000	37.99	7.91	OFF	OFF	88.0	77.0	OFF	66.0
19-05-08 17:00:00	76.3	80.0	65.0	OFF	76.3	65.4	86.0	85.0	35.0	ON	94.6	64.4	489	PERFECT	534	95	12.4	1000	37.99	7.91	OFF	OFF	88.0	77.0	OFF	66.0
19-05-08 17:00:19	76.3	80.0	65.0	OFF	76.3	65.4	86.1	85.0	35.0	ON	94.6	64.4	485	PERFECT	534	95	12.5	1000	37.99	7.91	OFF	OFF	88.0	77.0	OFF	66.0
19-05-08 17:00:38	76.3	80.0	65.0	OFF	76.3	65.4	86.1	85.0	35.0	ON	94.6	64.4	480	PERFECT	534	95	12.4	1000	37.99	7.91	OFF	OFF	88.0	77.0	OFF	66.0
19-05-08 17:00:57	76.3	80.0	65.0	OFF	76.3	65.4	86.1	85.0	35.0	ON	94.6	64.4	486	PERFECT	534	95	12.3	1000	37.99	7.91	OFF	OFF	88.0	77.0	OFF	66.0
19-05-08 17:15:17	76.5	80.0	65.0	OFF	76.5	65.4	86.1	85.0	35.0	ON	94.6	64.4	480	PERFECT	534	95	12.6	1000	37.99	7.91	OFF	OFF	88.0	77.0	OFF	66.0
19-05-08 17:15:36	76.5	80.0	65.0	OFF	76.5	65.4	86.1	85.0	35.0	ON	94.6	64.4	477	PERFECT	534	95	12.4	1000	37.99	7.91	OFF	OFF	88.0	77.0	OFF	66.0
19-05-08 17:15:55	76.5	80.0	65.0	OFF	76.5	65.4	86.1	85.0	35.0	ON	94.6	64.4	478	PERFECT	534	95	12.5	1000	37.99	7.91	OFF	OFF	88.0	77.0	OFF	66.0
19-05-08 17:30:14	76.7	80.0	65.0	OFF	76.7	65.4	86.2	85.0	35.0	ON	94.6	64.4	483	PERFECT	534	95	12.6	1000	37.99	7.91	OFF	OFF	88.0	77.0	OFF	66.0
19-05-08 17:30:34	76.6	80.0	65.0	OFF	76.7	65.4	86.0	85.0	35.0	ON	94.6	64.4	477	PERFECT	534	95	12.6	1000	37.99	7.91	OFF	OFF	88.0	77.0	OFF	66.0
19-05-08 17:30:53	76.7	80.0	65.0	OFF	76.7	65.4	86.2	85.0	35.0	ON	94.6	64.4	482	PERFECT	534	95	12.6	1000	37.99	7.91	OFF	OFF	88.0	77.0	OFF	66.0
19-05-08 17:45:12	76.8	80.0	65.0	OFF	76.9	65.4	86.1	85.0	35.0	ON	94.6	64.4	468	PERFECT	534	95	12.79	1000	37.99	7.91	OFF	OFF	88.0	77.0	OFF	66.0
19-05-08 17:45:31	76.9	80.0	65.0	OFF	76.9	65.4	86.2	85.0	35.0	ON	94.6	64.4	468	PERFECT	534	95	12.79	1000	37.99	7.91	OFF	OFF	88.0	77.0	OFF	66.0
19-05-08 17:45:50	76.8	80.0	65.0	OFF	76.9	65.4	86.1	85.0	35.0	ON	94.6	64.4	468	PERFECT	534	95	12.79	1000	37.99	7.91	OFF	OFF	88.0	77.0	OFF	66.0
19-05-08 18:00:10	77.0	80.0	65.0	OFF	77.0	65.4	86.1	85.0	35.0	ON	94.6	64.4	470	PERFECT	534	95	12.89	1000	37.99	7.91	OFF	OFF	88.0	77.0	OFF	66.0
19-05-08 18:00:29	77.0	80.0	65.0	OFF	77.0	65.4	86.1	85.0	35.0	ON	94.6	64.4	476	PERFECT	534	95	12.89	1000	37.99	7.91	OFF	OFF	88.0	77.0	OFF	66.0
19-05-08 18:00:48	77.0	80.0	65.0	OFF	77.0	65.4	86.1	85.0	35.0	ON	94.6	64.4	468	PERFECT	534	95	12.79	1000	37.99	7.91	OFF	OFF	88.0	77.0	OFF	66.0
19-05-08 18:15:07	77.1	80.0	65.0	OFF	77.1	65.4	86.0	85.0	35.0	ON	94.6	64.4	463	PERFECT	534	95	12.89	1000	37.99	7.91	OFF	OFF	88.0	77.0	OFF	66.0
19-05-08 18:15:27	77.1	80.0	65.0	OFF	77.1	65.4	86.0	85.0	35.0	ON	94.6	64.4	465	PERFECT	534	95	12.99	1000	37.99	7.91	OFF	OFF	88.0	77.0	OFF	66.0
19-05-08 18:15:46	77.1	80.0	65.0	OFF	77.1	65.4	86.0	85.0	35.0	ON	94.6	64.4	465	PERFECT	534	95	12.89	1000	37.99	7.91	OFF	OFF	88.0	77.0	OFF	66.0
19-05-08 18:30:05	77.3	80.0	65.0	OFF	77.3	65.4	86.0	85.0	35.0	ON	94.6	64.4	462	PERFECT	534	95	12.99	1000	37.99	7.91	OFF	OFF	88.0	77.0	OFF	66.0
19-05-08 18:30:24	77.3	80.0	65.0	OFF	77.3	65.4	85.9	85.0	35.0	ON	94.6	64.4	463	PERFECT	534	95	12.99	1000	37.99	7.91	OFF	OFF	88.0	77.0	OFF	66.0
19-05-08 18:30:43	77.3	80.0	65.0	OFF	77.3	65.4	85.9	85.0	35.0	ON	94.6	64.4	462	PERFECT	534	95	13.09	1000	37.99	7.91	OFF	OFF	88.0	77.0	OFF	66.0
19-05-08 18:45:03	77.4	80.0	65.0	OFF	77.4	65.4	85.7	85.0	35.0	ON	94.6	64.4	457	PERFECT	534	95	13.18	1000	37.99	7.91	OFF	OFF	88.0	77.0	OFF	66.0
19-05-08 18:45:22	77.4	80.0	65.0	OFF	77.4	65.4	85.7	85.0	35.0	ON	94.6	64.4	457	PERFECT	534	95	13.09	1000	37.99	7.91	OFF	OFF	88.0	77.0	OFF	66.0
19-05-08 18:45:41	77.4	80.0	65.0	OFF	77.4	65.4	85.7	85.0	35.0	ON	94.6	64.4	463	PERFECT	534	95	13.09	1000	37.99	7.91	OFF	OFF	88.0	77.0	OFF	66.0
19-05-08 19:00:01	77.6	80.0	65.0	OFF	77.6	65.4	85.6	85.0	35.0	ON	94.6	64.4	463	PERFECT	534	95	13.18	1000	37.99	7.91	OFF	OFF	88.0	77.0	OFF	66.0
19-05-08 19:00:20	77.6	80.0	65.0	OFF	77.6	65.4	85.6	85.0	35.0	ON	94.6	64.4	455	PERFECT	534	95	13.28	1000	37.99	7.91	OFF	OFF	88.0	77.0	OFF	66.0
19-05-08 19:00:39	77.5	80.0	65.0	OFF	77.6	65.4	85.5	85.0	35.0	ON	94.6	64.4	457	PERFECT	534	95	13.28	1000	37.99	7.91	OFF	OFF	88.0	77.0	OFF	66.0
19-05-08 19:00:58	77.5	80.0	65.0	OFF	77.6	65.4	85.5	85.0	35.0	ON	94.6	64.4	458	PERFECT	534	95	13.28	1000	37.99	7.91	OFF	OFF	88.0	77.0	OFF	66.0
19-05-08 19:15:17	77.7	80.0	65.0	OFF	77.7	65.4	85.4	85.0	35.0	ON	94.6	64.4	452	PERFECT	534	95	13.48	1000	37.99	7.91	OFF	OFF	88.0	77.0	OFF	66.0
19-05-08 19:15:37	77.7	80.0	65.0	OFF	77.7	65.4	85.4	85.0	35.0	ON	94.6	64.4	451	PERFECT	534	95	13.57	1000	37.99	7.91	OFF	OFF	88.0	77.0	OFF	66.0
19-05-08 19:15:56	77.7	80.0	65.0	OFF	77.7	65.4	85.4	85.0	35.0	ON	94.6	64.4	456	PERFECT	534	95	13.38	1000	37.99	7.91	OFF	OFF	88.0	77.0	OFF	66.0
19-05-08 19:30:15	77.9	80.0	65.0	OFF	77.9	65.4	85.4	85.0	35.0	ON	94.6	64.4	449	PERFECT	534	95	13.48	1000	37.99	7.91	OFF	OFF	88.0	77.0	OFF	66.0
19-05-08 19:30:35	77.8	80.0	65.0	OFF	77.9	65.4	85.3	85.0	35.0	ON	94.6	64.4	452	PERFECT	534	95	13.67	1000	37.99	7.91	OFF	OFF	88.0	77.0	OFF	66.0
19-05-08 19:30:54	77.9	80.0	65.0	OFF	77.9	65.4	85.4	85.0	35.0	ON	94.6	64.4	448	PERFECT	534	95	13.77	1000	37.99	7.91	OFF	OFF	88.0	77.0	OFF	66.0
19-05-08 19:45:14	78.0	80.0	65.0	OFF	78.1	65.4	85.1	85.0	35.0	ON	94.6	64.4	455	PERFECT	534	95	13.96	1000	37.99	7.91	OFF	OFF	88.0	77.0	OFF	66.0
19-05-08 19:45:33	78.1	80.0	65.0	OFF	78.1	65.4	85.1	85.0	35.0	ON	94.6	64.4	452	PERFECT	534	95	13.57	1000	37.99	7.91	OFF	OFF	88.0	77.0	OFF	66.0
19-05-08 19:45:53	78.1	80.0	65.0	OFF	78.1	65.4	85.1	85.0	35.0	ON	94.6	64.4	452	PERFECT	534	95	13.57	1000	37.99	7.91	OFF	OFF	88.0	77.0	OFF	66.0
19-05-08 20:00:13	78.2	80.0	65.0	OFF	78.2	65.4	85.0	85.0	35.0	ON	94.6	64.4	449	PERFECT	534	95	13.77	1000	37.99	7.91	OFF	OFF	88.0	77.0	OFF	66.0
19-05-08 20:00:32	78.2	80.0	65.0	OFF	78.2	65.4	85.0	85.0	35.0	ON	94.6	64.4	453	PERFECT	534	95	13.77	1000	37.99	7.91	OFF	OFF	88.0	77.0	OFF	66.0
19-05-08 20:00:51	78.2	80.0	65.0	OFF	78.2	65.4	85.0	85.0	35.0	ON	94.6	64.4	454	PERFECT	534	95	13.77	1000	37.99	7.91	OFF	OFF	88.0	77.0	OFF	66.0
19-05-08 20:15:11	78.4	80.0	65.0	OFF	78.4	65.4	84.8	85.0	35.0	OFF	94.6	64.4	447	PERFECT	534	95	13.96	1000	37.99	7.91	OFF	OFF	88.0	77.0	OFF	66.0
19-05-08 20:15:30	78.4	80.0	65.0	OFF	78.4	65.4	84.8	85.0	35.0	OFF	94.6	64.4	453	PERFECT	534	95	13.96	1000	37.99	7.91	OFF	OFF	88.0	77.0	OFF	66.0
19-05-08 20:15:50	78.4	80.0	65.0	OFF	78.4	65.4	84.8	85.0	35.0	OFF	94.6	64.4	448	PERFECT	534	95	13.96	1000	37.99	7.91	OFF	OFF	88.0	77.0	OFF	66.0
19-05-08 20:30:10	78.5	80.0	65.0	OFF	78.5	65.4	84.4	85.0	35.0	OFF	94.6	64.4	444	PERFECT	534	95	13.96	1000	37.99	7.91	OFF	OFF	88.0	77.0	OFF	66.0
19-05-08 20:30:29	78.6	80.0	65.0	OFF	78.6	65.4	84.4	85.0	35.0	OFF	94.6	64.4	440	PERFECT	534	95	13.87	1000	37.99	7.91	OFF	OFF	88.0	77.0	OFF	66.0
19-05-08 20:30:48	78.5	80.0	65.0	OFF	78.6	65.4	84.4	85.0	35.0	OFF	94.6	64.4	445	PERFECT	534	95	13.96	1000	37.99	7.91	OFF	OFF	88.0	77.0	OFF	66.0
19-05-08 20:45:08	78.6	80.0	65.0	OFF	78.6	65.4	84.5	85.0	35.0	OFF	94.6	64.4	442	PERFECT	534	95	14.06	1000	37.99	7.91	OFF	OFF	88.0	77.0	OFF	66.0
19-05-08 20:45:27	78.6	80.0	65.0	OFF	78.6	65.4	84.5	85.0	35.0	OFF	94.6	64.4	440	PERFECT	534	95	14.16	1000	37.99	7.91	OFF	OFF	88.0	77.0	OFF	66.0
19-05-08 20:45:46	78.6	80.0	65.0	OFF	78.6	65.4	84.5	85.0	35.0	OFF	94.6	64.4	442	PERFECT	534	95	14.16	1000	37.99	7.91	OFF	OFF	88.0	77.0	OFF	66.0
19-05-08 21:00:06	78.6	80.0	65.0	OFF	78.7	65.4	84.2	85.0	35.0	OFF	94.6	64.4	437	PERFECT	534	95	14.26	1000	37.99	7.91	OFF	OFF	88.0	77.0	OFF	66.0
19-05-08 21:00:25	78.7	80.0	65.0	OFF	78.7	65.4	84.3	85.0	35.0	OFF	94.6	64.4	435	PERFECT	534	95	14.16	1000	37.99	7.91	OFF	OFF	88.0	77.0	OFF	66.0
19-05-08 21:00:44	78.7	80.0	65.0	OFF	78.7	65.4	84.3	85.0	35.0	OFF	94.6	64.4	443	PERFECT	534	95	14.16	1000	37.99	7.91	OFF	OFF	88.0	77.0	OFF	66.0
19-05-08 21:15:04	78.7	80.0	65.0	OFF	78.8	65.4	84.3	85.0	35.0	OFF	94.6	64.4	433	PERFECT	534	95	14.16	1000	37.99	7.91	OFF	OFF	88.0	77.0	OFF	66.0
19-05-08 21:15:23	78.7	80.0	65.0	OFF	78.8	65.4	84.3	85.0	35.0	OFF	94.6	64.4	439	PERFECT	534	95	14.16	1000	37.99	7.91	OFF	OFF	88.0	77.0	OFF	66.0
19-05-08 21:15:42	78.7	80.0	65.0	OFF	78.8	65.4	84.3	85.0	35.0	OFF	94.6	64.4	431	PERFECT	534	95	14.16	1000	37.99	7.91	OFF	OFF	88.0	77.0	OFF	66.0
19-05-08 21:30:19	78.8	80.0	65.0	OFF	78.8	65.4	84.0	85.0	35.0	OFF	94.6	64.4	433	PERFECT	534	95	14.45	1000	37.99	7.91	OFF	OFF	88.0	77.0	OFF	66.0
19-05-08 21:30:38	78.8	80.0	65.0	OFF	78.8	65.4	84.1	85.0	35.0	OFF	94.6	64.4	426	PERFECT	534	95	14.26	1000	37.99	7.91	OFF	OFF	88.0	77.0	OFF	66.0
19-05-08 21:30:57	78.8	80.0	65.0	OFF	78.8	65.4	84.1	85.0	35.0	OFF	94.6	64.4	426	PERFECT	534	95	14.75	1000	37.99	7.91	OFF	OFF	88.0	77.0	OFF	66.0
19-05-08 21:45:14	79.0	80.0	65.0	OFF	79.0	65.4	84.0	85.0	35.0	OFF	94.6	64.4	428	PERFECT	534	95	14.45	1000	37.99	7.91	OFF	OFF	88.0	77.0	OFF	66.0
19-05-08 21:45:33	79.0	80.0	65.0	OFF	79.0	65.4	83.9	85.0	35.0	OFF	94.6	64.4	432	PERFECT	534	95	14.65	1000	37.99	7.91	OFF	OFF	88.0	77.0	OFF	66.0
19-05-08 21:45:52	78.9	80.0	65.0	OFF	79.0	65.4	83.8	85.0	35.0	OFF	94.6	64.4	424	DRY	534	95	14.45	1000	37.99	7.91	OFF	OFF	88.0	77.0	OFF	66.0
19-05-08 22:00:09	79.0	80.0	65.0	OFF	79.0	65.4	83.7	85.0	35.0	OFF	94.6	64.4	422	DRY	534	95	14.55	1000	37.99	7.91	OFF	OFF	88.0	77.0	OFF	66.0
19-05-08 22:00:28	79.0	80.0	65.0	OFF	79.0	65.4	83.7	85.0	35.0	OFF	94.6	64.4	422	DRY	534	95	14.45	1000	37.99	7.91	OFF	OFF	88.0	77.0	OFF	66.0
19-05-08 22:00:47	79.1	80.0	65.0	OFF	79.1	65.4	83.8	85.0	35.0	OFF	94.6	64.4	423	DRY	534	95	14.55	1000	37.99	7.91	OFF	OFF	88.0	77.0	OFF	66.0
19-05-08 22:15:05	79.1	80.0	65.0	OFF	79.2	65.4	83.5	85.0	35.0	OFF	94.6	64.4	422	DRY	534	95	14.94	1000	37.99	7.91	OFF	OFF	88.0	77.0	OFF	66.0
19-05-08 22:15:24	79.1	80.0	65.0	OFF	79.2	65.4	83.5	85.0	35.0	OFF	94.6	64.4	417	DRY	534	95	14.75	1000	37.99	7.91	OFF	OFF	88.0	77.0	OFF	66.0
19-05-08 22:15:43	79.1	80.0	65.0	OFF	79.2	65.4	83.5	85.0	35.0	OFF	94.6	64.4	420	DRY	534	95	14.55	1000	37.99	7.91	OFF	OFF	88.0	77.0	OFF	66.0
19-05-08 22:30:00	79.2	80.0	65.0	OFF	79.2	65.4	83.6	85.0	35.0	OFF	94.6	64.4	416	DRY	534	95	14.65	1000	37.99	7.91	OFF	OFF	88.0	77.0	OFF	66.0
19-05-08 22:30:19	79.2	80.0	65.0	OFF	79.2	65.4	83.6	85.0	35.0	OFF	94.6	64.4	423	DRY	534	95	14.75	1000	37.99	7.91	OFF	OFF	88.0	77.0	OFF	66.0
19-05-08 22:30:38	79.2	80.0	65.0	OFF	79.2	65.4	83.6	85.0	35.0	OFF	94.6	64.4	422	DRY	534	95	14.65	1000	37.99	7.91	OFF	OFF	88.0	77.0	OFF	66.0
19-05-08 22:30:57	79.2	80.0	65.0	OFF	79.2	65.4	83.6	85.0	35.0	OFF	94.6	64.4	417	DRY	534	95	14.65	1000	37.99	7.91	OFF	OFF	88.0	77.0	OFF	66.0
19-05-08 22:45:14	78.6	80.0	65.0	OFF	79.3	65.4	73.8	85.0	35.0	OFF	94.6	64.4	419	DRY	534	95	11.43	1000	37.99	7.91	OFF	OFF	88.0	77.0	OFF	66.0
19-05-08 22:45:33	78.7	80.0	65.0	OFF	79.3	65.4	74.3	85.0	35.0	OFF	94.6	64.4	422	DRY	534	95	11.52	1000	37.99	7.91	OFF	OFF	88.0	77.0	OFF	66.0
19-05-08 22:45:53	78.7	80.0	65.0	OFF	79.3	65.4	74.7	85.0	35.0	OFF	94.6	64.4	422	DRY	534	95	11.62	1000	37.99	7.91	OFF	OFF	88.0	77.0	OFF	66.0
19-05-08 23:00:10	78.7	80.0	65.0	OFF	79.3	65.4	80.5	85.0	35.0	OFF	94.6	64.4	413	DRY	534	95	13.28	1000	37.99	7.91	OFF	OFF	88.0	77.0	OFF	66.0
19-05-08 23:00:29	78.7	80.0	65.0	OFF	79.3	65.4	80.6	85.0	35.0	OFF	94.6	64.4	417	DRY	534	95	13.38	1000	37.99	7.91	OFF	OFF	88.0	77.0	OFF	66.0
19-05-08 23:00:48	78.7	80.0	65.0	OFF	79.3	65.4	80.7	85.0	35.0	OFF	94.6	64.4	413	DRY	534	95	13.38	1000	37.99	7.91	OFF	OFF	88.0	77.0	OFF	66.0
19-05-08 23:15:05	76.1	80.0	65.0	OFF	79.3	65.4	87.4	85.0	35.0	ON	94.6	64.4	415	DRY	534	95	13.28	1000	37.99	7.91	OFF	OFF	88.0	77.0	OFF	66.0
19-05-08 23:15:24	76.1	80.0	65.0	OFF	79.3	65.4	87.4	85.0	35.0	ON	94.6	64.4	416	DRY	534	95	13.38	1000	37.99	7.91	OFF	OFF	88.0	77.0	OFF	66.0
19-05-08 23:15:43	76.0	80.0	65.0	OFF	79.3	65.4	87.5	85.0	35.0	ON	94.6	64.4	412	DRY	534	95	13.48	1000	37.99	7.91	OFF	OFF	88.0	77.0	OFF	66.0
19-05-08 23:30:02	74.6	80.0	65.0	OFF	79.3	65.4	80.9	85.0	35.0	OFF	94.6	64.4	413	DRY	534	95	10.55	1000	37.99	7.91	OFF	OFF	88.0	77.0	OFF	66.0
19-05-08 23:30:21	74.6	80.0	65.0	OFF	79.3	65.4	80.8	85.0	35.0	OFF	94.6	64.4	415	DRY	534	95	10.55	1000	37.99	7.91	OFF	OFF	88.0	77.0	OFF	66.0
19-05-08 23:30:40	74.5	80.0	65.0	OFF	79.3	65.4	80.8	85.0	35.0	OFF	94.6	64.4	414	DRY	534	95	10.84	1000	37.99	7.91	OFF	OFF	88.0	77.0	OFF	66.0
19-05-08 23:30:59	74.5	80.0	65.0	OFF	79.3	65.4	81.3	85.0	35.0	OFF	94.6	64.4	414	DRY	534	95	10.84	1000	37.99	7.91	OFF	OFF	88.0	77.0	OFF	66.0
19-05-08 23:45:17	73.8	80.0	65.0	OFF	79.3	65.4	83.8	85.0	35.0	OFF	94.6	64.4	414	DRY	534	95	10.64	1000	37.99	7.91	OFF	OFF	88.0	77.0	OFF	66.0
19-05-08 23:45:36	73.7	80.0	65.0	OFF	79.3	65.4	83.8	85.0	35.0	OFF	94.6	64.4	415	DRY	534	95	10.74	1000	37.99	7.91	OFF	OFF	88.0	77.0	OFF	66.0
19-05-08 23:45:55	73.8	80.0	65.0	OFF	79.3	65.4	85.2	85.0	35.0	ON	94.6	64.4	420	DRY	534	95	10.84	1000	37.99	7.91	OFF	OFF	88.0	77.0	OFF	66.0
