19-04-24 00:15:12	75.5	80.0	65.0	OFF	75.7	75.5	57.6	85.0	35.0	OFF	57.6	56.7	511	PERFECT	520	508	55.08	1000	55.18	54.88	OFF	OFF	90.0	78.0	ON	60.0
19-04-24 00:15:31	75.4	80.0	65.0	OFF	75.7	75.4	57.7	85.0	35.0	OFF	57.7	56.7	510	PERFECT	520	508	55.08	1000	55.18	54.88	OFF	OFF	90.0	78.0	ON	60.0
19-04-24 00:15:50	75.4	80.0	65.0	OFF	75.7	75.4	57.9	85.0	35.0	OFF	57.9	56.7	508	PERFECT	520	508	55.08	1000	55.18	54.88	OFF	OFF	90.0	78.0	ON	60.0
19-04-24 00:30:10	76.7	80.0	65.0	OFF	76.7	75.4	62.0	85.0	35.0	OFF	62.0	56.7	513	PERFECT	524	505	55.57	1000	55.66	54.88	OFF	OFF	90.0	78.0	ON	60.0
19-04-24 00:30:29	76.8	80.0	65.0	OFF	76.8	75.4	62.1	85.0	35.0	OFF	62.1	56.7	510	PERFECT	524	505	55.66	1000	55.66	54.88	OFF	OFF	90.0	78.0	ON	60.0
19-04-24 00:30:48	76.8	80.0	65.0	OFF	76.8	75.4	62.1	85.0	35.0	OFF	62.1	56.7	508	PERFECT	524	505	55.57	1000	55.66	54.88	OFF	OFF	90.0	78.0	ON	60.0
19-04-24 00:45:07	77.7	80.0	65.0	OFF	78.1	75.4	54.9	85.0	35.0	OFF	62.7	54.9	513	PERFECT	524	505	54.3	1000	55.86	54.3	OFF	ON	90.0	78.0	ON	60.0
19-04-24 00:45:26	77.6	80.0	65.0	OFF	78.1	75.4	54.5	85.0	35.0	OFF	62.7	54.5	514	PERFECT	524	505	54.3	1000	55.86	54.3	OFF	ON	90.0	78.0	ON	60.0
19-04-24 00:45:45	77.5	80.0	65.0	OFF	78.1	75.4	54.3	85.0	35.0	OFF	62.7	54.3	507	PERFECT	524	505	54.2	1000	55.86	54.2	OFF	ON	90.0	78.0	ON	60.0
19-04-24 01:00:05	75.6	80.0	65.0	OFF	78.1	75.4	57.5	85.0	35.0	OFF	62.7	54.2	510	PERFECT	524	504	54.88	1000	55.86	53.61	OFF	OFF	90.0	78.0	ON	60.0
19-04-24 01:00:24	75.6	80.0	65.0	OFF	78.1	75.4	57.6	85.0	35.0	OFF	62.7	54.2	509	PERFECT	524	504	54.88	1000	55.86	53.61	OFF	OFF	90.0	78.0	ON	60.0
19-04-24 01:00:43	75.5	80.0	65.0	OFF	78.1	75.4	57.7	85.0	35.0	OFF	62.7	54.2	512	PERFECT	524	504	54.98	1000	55.86	53.61	OFF	OFF	90.0	78.0	ON	60.0
19-04-24 01:15:03	75.2	80.0	65.0	OFF	78.1	75.1	61.6	85.0	35.0	OFF	62.7	54.2	508	PERFECT	524	500	54.79	1000	55.86	53.61	OFF	OFF	90.0	78.0	ON	60.0
19-04-24 01:15:22	75.2	80.0	65.0	OFF	78.1	75.1	61.7	85.0	35.0	OFF	62.7	54.2	505	PERFECT	524	500	54.88	1000	55.86	53.61	OFF	OFF	90.0	78.0	ON	60.0
19-04-24 01:15:41	75.1	80.0	65.0	OFF	78.1	75.1	61.8	85.0	35.0	OFF	62.7	54.2	503	PERFECT	524	500	54.79	1000	55.86	53.61	OFF	OFF	90.0	78.0	ON	60.0
19-04-24 01:30:01	74.6	80.0	65.0	OFF	78.1	74.6	63.9	85.0	35.0	OFF	64.0	54.2	508	PERFECT	524	500	54.98	1000	55.86	53.61	OFF	OFF	90.0	78.0	OFF	60.0
19-04-24 01:30:20	74.6	80.0	65.0	OFF	78.1	74.6	64.0	85.0	35.0	OFF	64.0	54.2	506	PERFECT	524	500	54.98	1000	55.86	53.61	OFF	OFF	90.0	78.0	OFF	60.0
19-04-24 01:30:39	74.6	80.0	65.0	OFF	78.1	74.6	64.1	85.0	35.0	OFF	64.1	54.2	506	PERFECT	524	500	54.98	1000	55.86	53.61	OFF	OFF	90.0	78.0	OFF	60.0
19-04-24 01:30:58	74.6	80.0	65.0	OFF	78.1	74.6	64.1	85.0	35.0	OFF	64.1	54.2	507	PERFECT	524	500	54.98	1000	55.86	53.61	OFF	OFF	90.0	78.0	OFF	60.0
19-04-24 01:45:18	74.1	80.0	65.0	OFF	78.1	74.1	65.5	85.0	35.0	OFF	65.5	54.2	503	PERFECT	524	500	54.2	1000	55.86	53.61	OFF	OFF	90.0	78.0	OFF	60.0
19-04-24 01:45:37	74.1	80.0	65.0	OFF	78.1	74.1	65.6	85.0	35.0	OFF	65.6	54.2	503	PERFECT	524	500	54.3	1000	55.86	53.61	OFF	OFF	90.0	78.0	OFF	60.0
19-04-24 01:45:56	74.0	80.0	65.0	OFF	78.1	74.0	65.5	85.0	35.0	OFF	65.6	54.2	506	PERFECT	524	500	54.2	1000	55.86	53.61	OFF	OFF	90.0	78.0	OFF	60.0
19-04-24 02:00:16	73.6	80.0	65.0	OFF	78.1	73.6	66.3	85.0	35.0	OFF	66.4	54.2	499	PERFECT	524	498	54.39	1000	55.86	53.61	OFF	OFF	90.0	78.0	OFF	60.0
19-04-24 02:00:35	73.7	80.0	65.0	OFF	78.1	73.6	66.3	85.0	35.0	OFF	66.4	54.2	498	PERFECT	524	498	54.39	1000	55.86	53.61	OFF	OFF	90.0	78.0	OFF	60.0
19-04-24 02:00:54	73.7	80.0	65.0	OFF	78.1	73.6	66.4	85.0	35.0	OFF	66.4	54.2	502	PERFECT	524	498	54.49	1000	55.86	53.61	OFF	OFF	90.0	78.0	OFF	60.0
19-04-24 02:15:14	73.3	80.0	65.0	OFF	78.1	73.3	66.8	85.0	35.0	OFF	67.0	54.2	497	PERFECT	524	494	54.39	1000	55.86	53.61	OFF	OFF	90.0	78.0	OFF	60.0
19-04-24 02:15:33	73.4	80.0	65.0	OFF	78.1	73.3	66.8	85.0	35.0	OFF	67.0	54.2	499	PERFECT	524	494	54.39	1000	55.86	53.61	OFF	OFF	90.0	78.0	OFF	60.0
19-04-24 02:15:52	73.4	80.0	65.0	OFF	78.1	73.3	67.0	85.0	35.0	OFF	67.0	54.2	501	PERFECT	524	494	54.39	1000	55.86	53.61	OFF	OFF	90.0	78.0	OFF	60.0
19-04-24 02:30:12	73.0	80.0	65.0	OFF	78.1	73.0	67.2	85.0	35.0	OFF	67.5	54.2	495	PERFECT	524	491	54.39	1000	55.86	53.61	OFF	OFF	90.0	78.0	OFF	60.0
19-04-24 02:30:31	73.1	80.0	65.0	OFF	78.1	73.0	67.3	85.0	35.0	OFF	67.5	54.2	494	PERFECT	524	491	54.39	1000	55.86	53.61	OFF	OFF	90.0	78.0	OFF	60.0
19-04-24 02:30:50	73.2	80.0	65.0	OFF	78.1	73.0	67.4	85.0	35.0	OFF	67.5	54.2	498	PERFECT	524	491	54.39	1000	55.86	53.61	OFF	OFF	90.0	78.0	OFF	60.0
19-04-24 02:45:10	72.8	80.0	65.0	OFF	78.1	72.8	67.8	85.0	35.0	OFF	67.9	54.2	492	PERFECT	524	489	54.49	1000	55.86	53.61	OFF	OFF	90.0	78.0	OFF	60.0
19-04-24 02:45:29	72.8	80.0	65.0	OFF	78.1	72.8	67.9	85.0	35.0	OFF	67.9	54.2	493	PERFECT	524	489	54.49	1000	55.86	53.61	OFF	OFF	90.0	78.0	OFF	60.0
19-04-24 02:45:48	72.8	80.0	65.0	OFF	78.1	72.8	67.9	85.0	35.0	OFF	67.9	54.2	493	PERFECT	524	489	54.49	1000	55.86	53.61	OFF	OFF	90.0	78.0	OFF	60.0
19-04-24 03:00:08	72.5	80.0	65.0	OFF	78.1	72.5	68.1	85.0	35.0	OFF	68.2	54.2	492	PERFECT	524	489	54.49	1000	55.86	53.61	OFF	OFF	90.0	78.0	OFF	60.0
19-04-24 03:00:27	72.5	80.0	65.0	OFF	78.1	72.5	68.2	85.0	35.0	OFF	68.2	54.2	492	PERFECT	524	489	54.49	1000	55.86	53.61	OFF	OFF	90.0	78.0	OFF	60.0
19-04-24 03:00:46	72.6	80.0	65.0	OFF	78.1	72.5	68.2	85.0	35.0	OFF	68.2	54.2	487	PERFECT	524	487	54.49	1000	55.86	53.61	OFF	OFF	90.0	78.0	OFF	60.0
19-04-24 03:15:06	72.3	80.0	65.0	OFF	78.1	72.3	68.3	85.0	35.0	OFF	68.5	54.2	487	PERFECT	524	487	54.49	1000	55.86	53.61	OFF	OFF	90.0	78.0	OFF	60.0
19-04-24 03:15:25	72.4	80.0	65.0	OFF	78.1	72.3	68.4	85.0	35.0	OFF	68.5	54.2	488	PERFECT	524	487	54.49	1000	55.86	53.61	OFF	OFF	90.0	78.0	OFF	60.0
19-04-24 03:15:44	72.3	80.0	65.0	OFF	78.1	72.3	68.4	85.0	35.0	OFF	68.5	54.2	487	PERFECT	524	487	54.49	1000	55.86	53.61	OFF	OFF	90.0	78.0	OFF	60.0
19-04-24 03:30:04	72.1	80.0	65.0	OFF	78.1	72.1	68.4	85.0	35.0	OFF	68.6	54.2	485	PERFECT	524	482	54.39	1000	55.86	53.61	OFF	OFF	90.0	78.0	OFF	60.0
19-04-24 03:30:23	72.2	80.0	65.0	OFF	78.1	72.1	68.6	85.0	35.0	OFF	68.6	54.2	485	PERFECT	524	482	54.39	1000	55.86	53.61	OFF	OFF	90.0	78.0	OFF	60.0
19-04-24 03:30:43	72.1	80.0	65.0	OFF	78.1	72.1	68.5	85.0	35.0	OFF	68.6	54.2	484	PERFECT	524	482	54.49	1000	55.86	53.61	OFF	OFF	90.0	78.0	OFF	60.0
19-04-24 03:45:02	71.9	80.0	65.0	OFF	78.1	71.9	68.8	85.0	35.0	OFF	68.8	54.2	482	PERFECT	524	481	54.49	1000	55.86	53.61	OFF	OFF	90.0	78.0	OFF	60.0
19-04-24 03:45:22	71.9	80.0	65.0	OFF	78.1	71.9	68.7	85.0	35.0	OFF	68.8	54.2	489	PERFECT	524	481	54.49	1000	55.86	53.61	OFF	OFF	90.0	78.0	OFF	60.0
19-04-24 03:45:41	71.9	80.0	65.0	OFF	78.1	71.9	68.7	85.0	35.0	OFF	68.8	54.2	485	PERFECT	524	481	54.39	1000	55.86	53.61	OFF	OFF	90.0	78.0	OFF	60.0
19-04-24 04:00:00	71.7	80.0	65.0	OFF	78.1	71.7	68.9	85.0	35.0	OFF	69.0	54.2	479	PERFECT	524	477	54.39	1000	55.86	53.61	OFF	OFF	90.0	78.0	OFF	60.0
19-04-24 04:00:20	71.7	80.0	65.0	OFF	78.1	71.7	69.0	85.0	35.0	OFF	69.0	54.2	481	PERFECT	524	477	54.39	1000	55.86	53.61	OFF	OFF	90.0	78.0	OFF	60.0
19-04-24 04:00:39	71.7	80.0	65.0	OFF	78.1	71.7	68.8	85.0	35.0	OFF	69.0	54.2	485	PERFECT	524	477	54.39	1000	55.86	53.61	OFF	OFF	90.0	78.0	OFF	60.0
19-04-24 04:00:58	71.7	80.0	65.0	OFF	78.1	71.7	69.0	85.0	35.0	OFF	69.0	54.2	482	PERFECT	524	477	54.39	1000	55.86	53.61	OFF	OFF	90.0	78.0	OFF	60.0
19-04-24 04:15:18	71.5	80.0	65.0	OFF	78.1	71.5	69.0	85.0	35.0	OFF	69.2	54.2	478	PERFECT	524	475	54.3	1000	55.86	53.61	OFF	OFF	90.0	78.0	OFF	60.0
19-04-24 04:15:37	71.5	80.0	65.0	OFF	78.1	71.5	69.1	85.0	35.0	OFF	69.2	54.2	480	PERFECT	524	475	54.3	1000	55.86	53.61	OFF	OFF	90.0	78.0	OFF	60.0
19-04-24 04:15:56	71.5	80.0	65.0	OFF	78.1	71.5	69.0	85.0	35.0	OFF	69.2	54.2	479	PERFECT	524	475	54.3	1000	55.86	53.61	OFF	OFF	90.0	78.0	OFF	60.0
19-04-24 04:30:16	71.3	80.0	65.0	OFF	78.1	71.3	69.2	85.0	35.0	OFF	69.2	54.2	478	PERFECT	524	475	54.3	1000	55.86	53.61	OFF	OFF	90.0	78.0	OFF	60.0
19-04-24 04:30:35	71.4	80.0	65.0	OFF	78.1	71.3	69.3	85.0	35.0	OFF	69.3	54.2	481	PERFECT	524	475	54.3	1000	55.86	53.61	OFF	OFF	90.0	78.0	OFF	60.0
19-04-24 04:30:54	71.3	80.0	65.0	OFF	78.1	71.3	69.2	85.0	35.0	OFF	69.3	54.2	476	PERFECT	524	475	54.3	1000	55.86	53.61	OFF	OFF	90.0	78.0	OFF	60.0
19-04-24 04:45:14	71.2	80.0	65.0	OFF	78.1	71.2	69.2	85.0	35.0	OFF	69.5	54.2	476	PERFECT	524	473	55.57	1000	55.86	53.03	OFF	OFF	90.0	78.0	OFF	60.0
19-04-24 04:45:33	71.2	80.0	65.0	OFF	78.1	71.2	69.3	85.0	35.0	OFF	69.5	54.2	474	PERFECT	524	473	55.47	1000	55.86	53.03	OFF	OFF	90.0	78.0	OFF	60.0
19-04-24 04:45:52	71.2	80.0	65.0	OFF	78.1	71.2	69.3	85.0	35.0	OFF	69.5	54.2	475	PERFECT	524	473	55.47	1000	55.86	53.03	OFF	OFF	90.0	78.0	OFF	60.0
19-04-24 05:00:12	71.0	80.0	65.0	OFF	78.1	70.9	69.4	85.0	35.0	OFF	69.5	54.2	472	PERFECT	524	469	55.57	1000	55.86	53.03	OFF	OFF	90.0	78.0	OFF	60.0
19-04-24 05:00:31	71.0	80.0	65.0	OFF	78.1	70.9	69.4	85.0	35.0	OFF	69.5	54.2	473	PERFECT	524	469	55.66	1000	55.86	53.03	OFF	OFF	90.0	78.0	OFF	60.0
19-04-24 05:00:50	71.0	80.0	65.0	OFF	78.1	70.9	69.3	85.0	35.0	OFF	69.5	54.2	473	PERFECT	524	469	55.57	1000	55.86	53.03	OFF	OFF	90.0	78.0	OFF	60.0
19-04-24 05:15:10	70.8	80.0	65.0	OFF	78.1	70.8	69.5	85.0	35.0	OFF	69.5	54.2	475	PERFECT	524	469	55.57	1000	55.86	53.03	OFF	OFF	90.0	78.0	OFF	60.0
19-04-24 05:15:29	70.9	80.0	65.0	OFF	78.1	70.8	69.4	85.0	35.0	OFF	69.5	54.2	470	PERFECT	524	469	55.57	1000	55.86	53.03	OFF	OFF	90.0	78.0	OFF	60.0
19-04-24 05:15:48	70.8	80.0	65.0	OFF	78.1	70.8	69.5	85.0	35.0	OFF	69.5	54.2	475	PERFECT	524	469	55.57	1000	55.86	53.03	OFF	OFF	90.0	78.0	OFF	60.0
19-04-24 05:30:08	70.7	80.0	65.0	OFF	78.1	70.7	69.4	85.0	35.0	OFF	69.7	54.2	468	PERFECT	524	467	55.57	1000	55.86	53.03	OFF	OFF	90.0	78.0	OFF	60.0
19-04-24 05:30:27	70.8	80.0	65.0	OFF	78.1	70.7	69.6	85.0	35.0	OFF	69.7	54.2	468	PERFECT	524	467	55.66	1000	55.86	53.03	OFF	OFF	90.0	78.0	OFF	60.0
19-04-24 05:30:46	70.7	80.0	65.0	OFF	78.1	70.7	69.4	85.0	35.0	OFF	69.7	54.2	470	PERFECT	524	467	55.57	1000	55.86	53.03	OFF	OFF	90.0	78.0	OFF	60.0
19-04-24 05:45:06	70.7	80.0	65.0	OFF	78.1	70.5	69.7	85.0	35.0	OFF	69.8	54.2	465	PERFECT	524	463	55.57	1000	55.86	53.03	OFF	OFF	90.0	78.0	OFF	60.0
19-04-24 05:45:25	70.6	80.0	65.0	OFF	78.1	70.5	69.6	85.0	35.0	OFF	69.8	54.2	467	PERFECT	524	463	55.57	1000	55.86	53.03	OFF	OFF	90.0	78.0	OFF	60.0
19-04-24 05:45:44	70.5	80.0	65.0	OFF	78.1	70.5	69.6	85.0	35.0	OFF	69.8	54.2	471	PERFECT	524	463	55.66	1000	55.86	53.03	OFF	OFF	90.0	78.0	OFF	60.0
19-04-24 06:00:04	70.4	80.0	65.0	OFF	78.1	70.4	69.6	85.0	35.0	OFF	69.8	54.2	464	PERFECT	524	461	55.66	1000	55.86	53.03	OFF	OFF	90.0	78.0	OFF	60.0
19-04-24 06:00:23	70.4	80.0	65.0	OFF	78.1	70.4	69.6	85.0	35.0	OFF	69.8	54.2	464	PERFECT	524	461	55.57	1000	55.86	53.03	OFF	OFF	90.0	78.0	OFF	60.0
19-04-24 06:00:42	70.4	80.0	65.0	OFF	78.1	70.4	69.5	85.0	35.0	OFF	69.8	54.2	467	PERFECT	524	461	55.57	1000	55.86	53.03	OFF	OFF	90.0	78.0	OFF	60.0
19-04-24 06:15:02	70.3	80.0	65.0	OFF	78.1	70.3	69.7	85.0	35.0	OFF	69.9	54.2	464	PERFECT	524	460	55.66	1000	55.86	53.03	OFF	OFF	90.0	78.0	OFF	60.0
19-04-24 06:15:21	70.3	80.0	65.0	OFF	78.1	70.3	69.7	85.0	35.0	OFF	69.9	54.2	467	PERFECT	524	460	55.57	1000	55.86	53.03	OFF	OFF	90.0	78.0	OFF	60.0
19-04-24 06:15:40	70.3	80.0	65.0	OFF	78.1	70.3	69.8	85.0	35.0	OFF	69.9	54.2	463	PERFECT	524	460	55.57	1000	55.86	53.03	OFF	OFF	90.0	78.0	OFF	60.0
19-04-24 06:15:59	70.3	80.0	65.0	OFF	78.1	70.3	69.9	85.0	35.0	OFF	69.9	54.2	469	PERFECT	524	460	55.47	1000	55.86	53.03	OFF	OFF	90.0	78.0	OFF	60.0
19-04-24 06:30:00	70.2	80.0	65.0	OFF	78.1	70.2	69.8	85.0	35.0	OFF	69.9	54.2	465	PERFECT	524	460	55.47	1000	55.86	53.03	OFF	OFF	90.0	78.0	OFF	60.0
19-04-24 06:30:19	70.2	80.0	65.0	OFF	78.1	70.2	69.8	85.0	35.0	OFF	69.9	54.2	462	PERFECT	524	460	55.47	1000	55.86	53.03	OFF	OFF	90.0	78.0	OFF	60.0
19-04-24 06:30:38	70.2	80.0	65.0	OFF	78.1	70.2	69.7	85.0	35.0	OFF	69.9	54.2	464	PERFECT	524	460	55.57	1000	55.86	53.03	OFF	OFF	90.0	78.0	OFF	60.0
19-04-24 06:30:57	70.1	80.0	65.0	OFF	78.1	70.1	69.7	85.0	35.0	OFF	69.9	54.2	464	PERFECT	524	460	55.57	1000	55.86	53.03	OFF	OFF	90.0	78.0	OFF	60.0
19-04-24 06:45:17	70.1	80.0	65.0	OFF	78.1	70.0	70.0	85.0	35.0	OFF	70.0	54.2	460	PERFECT	524	458	55.57	1000	55.86	53.03	OFF	OFF	90.0	78.0	OFF	60.0
19-04-24 06:45:36	70.1	80.0	65.0	OFF	78.1	70.0	70.0	85.0	35.0	OFF	70.0	54.2	461	PERFECT	524	458	55.66	1000	55.86	53.03	OFF	OFF	90.0	78.0	OFF	60.0
19-04-24 06:45:55	70.1	80.0	65.0	OFF	78.1	70.0	70.0	85.0	35.0	OFF	70.0	54.2	460	PERFECT	524	458	55.57	1000	55.86	53.03	OFF	OFF	90.0	78.0	OFF	60.0
19-04-24 07:00:15	69.9	80.0	65.0	OFF	78.1	69.8	69.9	85.0	35.0	OFF	70.1	54.2	462	PERFECT	524	456	55.76	1000	55.86	53.03	OFF	OFF	90.0	78.0	OFF	60.0
19-04-24 07:00:34	70.0	80.0	65.0	OFF	78.1	69.8	69.9	85.0	35.0	OFF	70.1	54.2	460	PERFECT	524	456	55.57	1000	55.86	53.03	OFF	OFF	90.0	78.0	OFF	60.0
19-04-24 07:00:53	69.9	80.0	65.0	OFF	78.1	69.8	70.0	85.0	35.0	OFF	70.1	54.2	457	PERFECT	524	456	55.57	1000	55.86	53.03	OFF	OFF	90.0	78.0	OFF	60.0
19-04-24 07:15:13	69.8	80.0	65.0	OFF	78.1	69.8	69.9	85.0	35.0	OFF	70.2	54.2	458	PERFECT	524	455	55.66	1000	55.86	53.03	OFF	OFF	90.0	78.0	OFF	60.0
19-04-24 07:15:32	69.7	80.0	65.0	OFF	78.1	69.7	70.0	85.0	35.0	OFF	70.2	54.2	458	PERFECT	524	455	55.66	1000	55.86	53.03	OFF	OFF	90.0	78.0	OFF	60.0
19-04-24 07:15:51	69.7	80.0	65.0	OFF	78.1	69.7	70.0	85.0	35.0	OFF	70.2	54.2	460	PERFECT	524	455	55.57	1000	55.86	53.03	OFF	OFF	90.0	78.0	OFF	60.0
19-04-24 07:30:11	69.6	80.0	65.0	OFF	78.1	69.6	70.1	85.0	35.0	OFF	70.2	54.2	458	PERFECT	524	453	55.86	1000	55.86	53.03	OFF	OFF	90.0	78.0	OFF	60.0
19-04-24 07:30:30	69.6	80.0	65.0	OFF	78.1	69.6	70.2	85.0	35.0	OFF	70.2	54.2	456	PERFECT	524	453	55.86	1000	55.86	53.03	OFF	OFF	90.0	78.0	OFF	60.0
19-04-24 07:30:50	69.6	80.0	65.0	OFF	78.1	69.6	70.0	85.0	35.0	OFF	70.2	54.2	453	PERFECT	524	453	55.96	1000	55.96	53.03	OFF	OFF	90.0	78.0	OFF	60.0
19-04-24 07:45:09	69.6	80.0	65.0	OFF	78.1	69.5	70.3	85.0	35.0	OFF	70.3	54.2	453	PERFECT	524	452	53.13	1000	56.25	53.03	OFF	OFF	90.0	78.0	OFF	60.0
19-04-24 07:45:28	69.5	80.0	65.0	OFF	78.1	69.5	70.2	85.0	35.0	OFF	70.3	54.2	457	PERFECT	524	452	53.13	1000	56.25	53.03	OFF	OFF	90.0	78.0	OFF	60.0
19-04-24 07:45:48	69.5	80.0	65.0	OFF	78.1	69.5	70.1	85.0	35.0	OFF	70.3	54.2	454	PERFECT	524	452	53.13	1000	56.25	53.03	OFF	OFF	90.0	78.0	OFF	60.0
19-04-24 08:00:07	69.4	80.0	65.0	OFF	78.1	69.3	70.1	85.0	35.0	OFF	70.4	54.2	453	PERFECT	524	451	53.42	1000	56.25	53.03	OFF	OFF	90.0	78.0	OFF	60.0
19-04-24 08:00:27	69.4	80.0	65.0	OFF	78.1	69.3	70.1	85.0	35.0	OFF	70.4	54.2	453	PERFECT	524	451	53.42	1000	56.25	53.03	OFF	OFF	90.0	78.0	OFF	60.0
19-04-24 08:00:46	69.4	80.0	65.0	OFF	78.1	69.3	70.1	85.0	35.0	OFF	70.4	54.2	452	PERFECT	524	451	53.32	1000	56.25	53.03	OFF	OFF	90.0	78.0	OFF	60.0
19-04-24 08:15:06	69.3	80.0	65.0	OFF	78.1	69.3	70.2	85.0	35.0	OFF	70.4	54.2	451	PERFECT	524	448	53.22	1000	56.25	53.03	OFF	OFF	90.0	78.0	OFF	60.0
19-04-24 08:15:25	69.3	80.0	65.0	OFF	78.1	69.3	70.2	85.0	35.0	OFF	70.4	54.2	451	PERFECT	524	448	53.13	1000	56.25	53.03	OFF	OFF	90.0	78.0	OFF	60.0
19-04-24 08:15:44	69.3	80.0	65.0	OFF	78.1	69.3	70.3	85.0	35.0	OFF	70.4	54.2	448	PERFECT	524	448	53.32	1000	56.25	53.03	OFF	OFF	90.0	78.0	OFF	60.0
19-04-24 08:30:04	69.2	80.0	65.0	OFF	78.1	69.1	70.4	85.0	35.0	OFF	70.5	54.2	452	PERFECT	524	447	53.03	1000	56.25	53.03	OFF	OFF	90.0	78.0	OFF	60.0
19-04-24 08:30:23	69.2	80.0	65.0	OFF	78.1	69.1	70.3	85.0	35.0	OFF	70.5	54.2	450	PERFECT	524	447	53.13	1000	56.25	53.03	OFF	OFF	90.0	78.0	OFF	60.0
19-04-24 08:30:42	69.2	80.0	65.0	OFF	78.1	69.1	70.3	85.0	35.0	OFF	70.5	54.2	451	PERFECT	524	447	53.03	1000	56.25	53.03	OFF	OFF	90.0	78.0	OFF	60.0
19-04-24 08:45:02	69.1	80.0	65.0	OFF	78.1	69.0	70.3	85.0	35.0	OFF	70.5	54.2	448	PERFECT	524	446	53.22	1000	56.25	53.03	OFF	OFF	90.0	78.0	OFF	60.0
19-04-24 08:45:21	69.1	80.0	65.0	OFF	78.1	69.0	70.4	85.0	35.0	OFF	70.5	54.2	447	PERFECT	524	446	53.13	1000	56.25	53.03	OFF	OFF	90.0	78.0	OFF	60.0
19-04-24 08:45:40	69.1	80.0	65.0	OFF	78.1	69.0	70.5	85.0	35.0	OFF	70.5	54.2	450	PERFECT	524	446	53.13	1000	56.25	53.03	OFF	OFF	90.0	78.0	OFF	60.0
19-04-24 08:45:59	69.0	80.0	65.0	OFF	78.1	69.0	70.4	85.0	35.0	OFF	70.5	54.2	447	PERFECT	524	446	53.13	1000	56.25	53.03	OFF	OFF	90.0	78.0	OFF	60.0
19-04-24 09:00:00	69.0	80.0	65.0	OFF	78.1	69.0	70.5	85.0	35.0	OFF	70.5	54.2	445	PERFECT	524	445	53.22	1000	56.25	53.03	OFF	OFF	90.0	78.0	OFF	60.0
19-04-24 09:00:19	69.0	80.0	65.0	OFF	78.1	69.0	70.5	85.0	35.0	OFF	70.5	54.2	445	PERFECT	524	445	53.13	1000	56.25	53.03	OFF	OFF	90.0	78.0	OFF	60.0
19-04-24 09:00:38	69.0	80.0	65.0	OFF	78.1	69.0	70.5	85.0	35.0	OFF	70.5	54.2	448	PERFECT	524	445	53.13	1000	56.25	53.03	OFF	OFF	90.0	78.0	OFF	60.0
19-04-24 09:00:57	69.0	80.0	65.0	OFF	78.1	69.0	70.5	85.0	35.0	OFF	70.5	54.2	447	PERFECT	524	445	53.13	1000	56.25	53.03	OFF	OFF	90.0	78.0	OFF	60.0
19-04-24 09:15:17	68.9	80.0	65.0	OFF	78.1	68.9	70.5	85.0	35.0	OFF	70.5	54.2	448	PERFECT	524	442	53.32	1000	56.25	53.03	OFF	OFF	90.0	78.0	OFF	60.0
19-04-24 09:15:36	68.9	80.0	65.0	OFF	78.1	68.9	70.5	85.0	35.0	OFF	70.5	54.2	446	PERFECT	524	442	53.32	1000	56.25	53.03	OFF	OFF	90.0	78.0	OFF	60.0
19-04-24 09:15:55	68.9	80.0	65.0	OFF	78.1	68.9	70.4	85.0	35.0	OFF	70.5	54.2	444	PERFECT	524	442	53.32	1000	56.25	53.03	OFF	OFF	90.0	78.0	OFF	60.0
19-04-24 09:30:15	68.8	80.0	65.0	OFF	78.1	68.8	69.9	85.0	35.0	OFF	70.5	54.2	446	PERFECT	524	441	53.13	1000	56.25	53.03	OFF	OFF	90.0	78.0	OFF	60.0
19-04-24 09:30:34	68.8	80.0	65.0	OFF	78.1	68.8	70.1	85.0	35.0	OFF	70.5	54.2	444	PERFECT	524	441	53.13	1000	56.25	53.03	OFF	OFF	90.0	78.0	OFF	60.0
19-04-24 09:30:53	68.8	80.0	65.0	OFF	78.1	68.8	70.1	85.0	35.0	OFF	70.5	54.2	443	PERFECT	524	441	53.13	1000	56.25	53.03	OFF	OFF	90.0	78.0	OFF	60.0
19-04-24 09:45:13	68.6	80.0	65.0	OFF	78.1	68.6	70.1	85.0	35.0	OFF	70.5	54.2	444	PERFECT	524	440	53.13	1000	56.25	53.03	OFF	OFF	90.0	78.0	OFF	60.0
19-04-24 09:45:32	68.8	80.0	65.0	OFF	78.1	68.6	70.0	85.0	35.0	OFF	70.5	54.2	444	PERFECT	524	440	53.13	1000	56.25	53.03	OFF	OFF	90.0	78.0	OFF	60.0
19-04-24 09:45:51	68.8	80.0	65.0	OFF	78.1	68.6	70.1	85.0	35.0	OFF	70.5	54.2	443	PERFECT	524	440	53.13	1000	56.25	53.03	OFF	OFF	90.0	78.0	OFF	60.0
19-04-24 10:00:11	68.8	80.0	65.0	OFF	78.1	68.6	69.8	85.0	35.0	OFF	70.5	54.2	444	PERFECT	524	440	53.22	1000	56.25	53.03	OFF	OFF	90.0	78.0	OFF	60.0
19-04-24 10:00:30	68.8	80.0	65.0	OFF	78.1	68.6	69.8	85.0	35.0	OFF	70.5	54.2	443	PERFECT	524	440	53.32	1000	56.25	53.03	OFF	OFF	90.0	78.0	OFF	60.0
19-04-24 10:00:49	68.8	80.0	65.0	OFF	78.1	68.6	70.0	85.0	35.0	OFF	70.5	54.2	442	PERFECT	524	440	53.22	1000	56.25	53.03	OFF	OFF	90.0	78.0	OFF	60.0
19-04-24 10:15:09	68.8	80.0	65.0	OFF	78.1	68.6	70.0	85.0	35.0	OFF	70.5	54.2	443	PERFECT	524	438	53.22	1000	56.25	53.03	OFF	OFF	90.0	78.0	OFF	60.0
19-04-24 10:15:28	68.8	80.0	65.0	OFF	78.1	68.6	70.0	85.0	35.0	OFF	70.5	54.2	439	PERFECT	524	438	53.22	1000	56.25	53.03	OFF	OFF	90.0	78.0	OFF	60.0
19-04-24 10:15:47	68.8	80.0	65.0	OFF	78.1	68.6	69.9	85.0	35.0	OFF	70.5	54.2	442	PERFECT	524	438	53.22	1000	56.25	53.03	OFF	OFF	90.0	78.0	OFF	60.0
19-04-24 10:30:07	68.9	80.0	65.0	OFF	78.1	68.6	69.9	85.0	35.0	OFF	70.5	54.2	441	PERFECT	524	437	53.22	1000	56.25	53.03	OFF	OFF	90.0	78.0	OFF	60.0
19-04-24 10:30:26	68.9	80.0	65.0	OFF	78.1	68.6	69.9	85.0	35.0	OFF	70.5	54.2	440	PERFECT	524	437	53.22	1000	56.25	53.03	OFF	OFF	90.0	78.0	OFF	60.0
19-04-24 10:30:45	68.8	80.0	65.0	OFF	78.1	68.6	69.9	85.0	35.0	OFF	70.5	54.2	443	PERFECT	524	437	53.32	1000	56.25	53.03	OFF	OFF	90.0	78.0	OFF	60.0
19-04-24 10:45:05	68.9	80.0	65.0	OFF	78.1	68.6	69.7	85.0	35.0	OFF	70.5	54.2	441	PERFECT	524	437	52.25	1000	56.25	45.7	OFF	OFF	90.0	78.0	OFF	60.0
19-04-24 10:45:24	68.8	80.0	65.0	OFF	78.1	68.6	69.8	85.0	35.0	OFF	70.5	54.2	442	PERFECT	524	437	52.25	1000	56.25	45.7	OFF	OFF	90.0	78.0	OFF	60.0
19-04-24 10:45:43	68.9	80.0	65.0	OFF	78.1	68.6	69.8	85.0	35.0	OFF	70.5	54.2	445	PERFECT	524	437	52.34	1000	56.25	45.7	OFF	OFF	90.0	78.0	OFF	60.0
19-04-24 11:00:03	68.9	80.0	65.0	OFF	78.1	68.6	69.6	85.0	35.0	OFF	70.5	54.2	438	PERFECT	524	435	52.54	1000	56.25	45.7	OFF	OFF	90.0	78.0	OFF	60.0
19-04-24 11:00:22	68.9	80.0	65.0	OFF	78.1	68.6	69.6	85.0	35.0	OFF	70.5	54.2	438	PERFECT	524	435	52.64	1000	56.25	45.7	OFF	OFF	90.0	78.0	OFF	60.0
19-04-24 11:00:41	68.9	80.0	65.0	OFF	78.1	68.6	69.5	85.0	35.0	OFF	70.5	54.2	437	PERFECT	524	435	52.54	1000	56.25	45.7	OFF	OFF	90.0	78.0	OFF	60.0
19-04-24 11:15:01	68.9	80.0	65.0	OFF	78.1	68.6	69.5	85.0	35.0	OFF	70.5	54.2	441	PERFECT	524	434	54.39	1000	56.25	45.7	OFF	OFF	90.0	78.0	OFF	60.0
19-04-24 11:15:20	68.9	80.0	65.0	OFF	78.1	68.6	69.4	85.0	35.0	OFF	70.5	54.2	438	PERFECT	524	434	54.3	1000	56.25	45.7	OFF	OFF	90.0	78.0	OFF	60.0
19-04-24 11:15:40	68.9	80.0	65.0	OFF	78.1	68.6	69.4	85.0	35.0	OFF	70.5	54.2	440	PERFECT	524	434	54.39	1000	56.25	45.7	OFF	OFF	90.0	78.0	OFF	60.0
19-04-24 11:15:59	68.9	80.0	65.0	OFF	78.1	68.6	69.5	85.0	35.0	OFF	70.5	54.2	439	PERFECT	524	434	54.39	1000	56.25	45.7	OFF	OFF	90.0	78.0	OFF	60.0
19-04-24 11:30:19	69.0	80.0	65.0	OFF	78.1	68.6	69.6	85.0	35.0	OFF	70.5	54.2	435	PERFECT	524	433	54.0	1000	56.25	45.7	OFF	OFF	90.0	78.0	OFF	60.0
19-04-24 11:30:38	69.0	80.0	65.0	OFF	78.1	68.6	69.7	85.0	35.0	OFF	70.5	54.2	440	PERFECT	524	433	54.0	1000	56.25	45.7	OFF	OFF	90.0	78.0	OFF	60.0
19-04-24 11:30:57	68.9	80.0	65.0	OFF	78.1	68.6	69.5	85.0	35.0	OFF	70.5	54.2	439	PERFECT	524	433	54.0	1000	56.25	45.7	OFF	OFF	90.0	78.0	OFF	60.0
19-04-24 11:45:17	69.0	80.0	65.0	OFF	78.1	68.6	69.6	85.0	35.0	OFF	70.5	54.2	438	PERFECT	524	431	54.88	1000	56.25	45.7	OFF	OFF	90.0	78.0	OFF	60.0
19-04-24 11:45:36	69.0	80.0	65.0	OFF	78.1	68.6	69.5	85.0	35.0	OFF	70.5	54.2	435	PERFECT	524	431	54.79	1000	56.25	45.7	OFF	OFF	90.0	78.0	OFF	60.0
19-04-24 11:45:55	69.0	80.0	65.0	OFF	78.1	68.6	69.4	85.0	35.0	OFF	70.5	54.2	437	PERFECT	524	431	54.79	1000	56.25	45.7	OFF	OFF	90.0	78.0	OFF	60.0
19-04-24 12:00:15	69.0	80.0	65.0	OFF	78.1	68.6	69.3	85.0	35.0	OFF	70.5	54.2	435	PERFECT	524	431	54.98	1000	56.25	45.7	OFF	OFF	90.0	78.0	OFF	60.0
19-04-24 12:00:34	69.0	80.0	65.0	OFF	78.1	68.6	69.3	85.0	35.0	OFF	70.5	54.2	435	PERFECT	524	431	54.98	1000	56.25	45.7	OFF	OFF	90.0	78.0	OFF	60.0
19-04-24 12:00:53	69.0	80.0	65.0	OFF	78.1	68.6	69.4	85.0	35.0	OFF	70.5	54.2	433	PERFECT	524	431	54.98	1000	56.25	45.7	OFF	OFF	90.0	78.0	OFF	60.0
19-04-24 12:15:13	69.1	80.0	65.0	OFF	78.1	68.6	69.3	85.0	35.0	OFF	70.5	54.2	434	PERFECT	524	430	54.98	1000	56.25	45.7	OFF	OFF	90.0	78.0	OFF	60.0
19-04-24 12:15:32	69.1	80.0	65.0	OFF	78.1	68.6	69.3	85.0	35.0	OFF	70.5	54.2	436	PERFECT	524	430	54.98	1000	56.25	45.7	OFF	OFF	90.0	78.0	OFF	60.0
19-04-24 12:15:51	69.1	80.0	65.0	OFF	78.1	68.6	69.4	85.0	35.0	OFF	70.5	54.2	436	PERFECT	524	430	54.98	1000	56.25	45.7	OFF	OFF	90.0	78.0	OFF	60.0
19-04-24 12:30:10	69.2	80.0	65.0	OFF	78.1	68.6	69.3	85.0	35.0	OFF	70.5	54.2	431	PERFECT	524	429	54.98	1000	56.25	45.7	OFF	OFF	90.0	78.0	OFF	60.0
19-04-24 12:30:30	69.2	80.0	65.0	OFF	78.1	68.6	69.4	85.0	35.0	OFF	70.5	54.2	438	PERFECT	524	429	54.98	1000	56.25	45.7	OFF	OFF	90.0	78.0	OFF	60.0
19-04-24 12:30:49	69.1	80.0	65.0	OFF	78.1	68.6	69.3	85.0	35.0	OFF	70.5	54.2	435	PERFECT	524	429	54.98	1000	56.25	45.7	OFF	OFF	90.0	78.0	OFF	60.0
19-04-24 12:45:08	69.2	80.0	65.0	OFF	78.1	68.6	69.2	85.0	35.0	OFF	70.5	54.2	435	PERFECT	524	429	54.98	1000	56.25	45.7	OFF	OFF	90.0	78.0	OFF	60.0
19-04-24 12:45:28	69.2	80.0	65.0	OFF	78.1	68.6	69.3	85.0	35.0	OFF	70.5	54.2	433	PERFECT	524	429	54.98	1000	56.25	45.7	OFF	OFF	90.0	78.0	OFF	60.0
19-04-24 12:45:47	69.2	80.0	65.0	OFF	78.1	68.6	69.4	85.0	35.0	OFF	70.5	54.2	438	PERFECT	524	429	54.98	1000	56.25	45.7	OFF	OFF	90.0	78.0	OFF	60.0
19-04-24 13:00:06	69.3	80.0	65.0	OFF	78.1	68.6	69.2	85.0	35.0	OFF	70.5	54.2	433	PERFECT	524	429	54.98	1000	56.25	45.7	OFF	OFF	90.0	78.0	OFF	60.0
19-04-24 13:00:26	69.3	80.0	65.0	OFF	78.1	68.6	69.2	85.0	35.0	OFF	70.5	54.2	434	PERFECT	524	429	54.98	1000	56.25	45.7	OFF	OFF	90.0	78.0	OFF	60.0
19-04-24 13:00:45	69.2	80.0	65.0	OFF	78.1	68.6	69.1	85.0	35.0	OFF	70.5	54.2	433	PERFECT	524	429	54.98	1000	56.25	45.7	OFF	OFF	90.0	78.0	OFF	60.0
19-04-24 13:15:04	69.3	80.0	65.0	OFF	78.1	68.6	69.1	85.0	35.0	OFF	70.5	54.2	435	PERFECT	524	428	55.18	1000	56.25	45.7	OFF	OFF	90.0	78.0	OFF	60.0
19-04-24 13:15:24	69.3	80.0	65.0	OFF	78.1	68.6	69.1	85.0	35.0	OFF	70.5	54.2	432	PERFECT	524	428	55.18	1000	56.25	45.7	OFF	OFF	90.0	78.0	OFF	60.0
19-04-24 13:15:43	69.4	80.0	65.0	OFF	78.1	68.6	69.1	85.0	35.0	OFF	70.5	54.2	432	PERFECT	524	428	55.18	1000	56.25	45.7	OFF	OFF	90.0	78.0	OFF	60.0
19-04-24 13:30:02	69.4	80.0	65.0	OFF	78.1	68.6	69.1	85.0	35.0	OFF	70.5	54.2	432	PERFECT	524	428	55.08	1000	56.25	45.7	OFF	OFF	90.0	78.0	OFF	60.0
19-04-24 13:30:21	69.4	80.0	65.0	OFF	78.1	68.6	69.0	85.0	35.0	OFF	70.5	54.2	434	PERFECT	524	428	55.08	1000	56.25	45.7	OFF	OFF	90.0	78.0	OFF	60.0
19-04-24 13:30:41	69.4	80.0	65.0	OFF	78.1	68.6	69.0	85.0	35.0	OFF	70.5	54.2	436	PERFECT	524	428	55.27	1000	56.25	45.7	OFF	OFF	90.0	78.0	OFF	60.0
19-04-24 13:45:00	69.5	80.0	65.0	OFF	78.1	68.6	68.9	85.0	35.0	OFF	70.5	54.2	432	PERFECT	524	428	54.88	1000	56.25	45.7	OFF	OFF	90.0	78.0	OFF	60.0
19-04-24 13:45:19	69.5	80.0	65.0	OFF	78.1	68.6	68.9	85.0	35.0	OFF	70.5	54.2	433	PERFECT	524	428	54.88	1000	56.25	45.7	OFF	OFF	90.0	78.0	OFF	60.0
19-04-24 13:45:39	69.5	80.0	65.0	OFF	78.1	68.6	69.0	85.0	35.0	OFF	70.5	54.2	427	PERFECT	524	427	54.88	1000	56.25	45.7	OFF	OFF	90.0	78.0	OFF	60.0
19-04-24 13:45:58	69.5	80.0	65.0	OFF	78.1	68.6	68.9	85.0	35.0	OFF	70.5	54.2	431	PERFECT	524	427	54.98	1000	56.25	45.7	OFF	OFF	90.0	78.0	OFF	60.0
19-04-24 14:00:17	69.5	80.0	65.0	OFF	78.1	68.6	69.0	85.0	35.0	OFF	70.5	54.2	429	PERFECT	524	427	55.37	1000	56.25	45.7	OFF	OFF	90.0	78.0	OFF	60.0
19-04-24 14:00:36	69.5	80.0	65.0	OFF	78.1	68.6	68.9	85.0	35.0	OFF	70.5	54.2	433	PERFECT	524	427	55.37	1000	56.25	45.7	OFF	OFF	90.0	78.0	OFF	60.0
19-04-24 14:00:56	69.5	80.0	65.0	OFF	78.1	68.6	69.0	85.0	35.0	OFF	70.5	54.2	432	PERFECT	524	427	55.37	1000	56.25	45.7	OFF	OFF	90.0	78.0	OFF	60.0
19-04-24 14:15:15	69.6	80.0	65.0	OFF	78.1	68.6	68.8	85.0	35.0	OFF	70.5	54.2	434	PERFECT	524	427	55.47	1000	56.25	45.7	OFF	OFF	90.0	78.0	OFF	60.0
19-04-24 14:15:34	69.6	80.0	65.0	OFF	78.1	68.6	68.8	85.0	35.0	OFF	70.5	54.2	432	PERFECT	524	427	55.47	1000	56.25	45.7	OFF	OFF	90.0	78.0	OFF	60.0
19-04-24 14:15:54	69.6	80.0	65.0	OFF	78.1	68.6	68.9	85.0	35.0	OFF	70.5	54.2	430	PERFECT	524	427	55.47	1000	56.25	45.7	OFF	OFF	90.0	78.0	OFF	60.0
19-04-24 14:30:13	69.6	80.0	65.0	OFF	78.1	68.6	68.7	85.0	35.0	OFF	70.5	54.2	429	PERFECT	524	427	52.83	1000	56.25	45.7	OFF	OFF	90.0	78.0	OFF	60.0
19-04-24 14:30:33	69.6	80.0	65.0	OFF	78.1	68.6	68.9	85.0	35.0	OFF	70.5	54.2	428	PERFECT	524	427	52.73	1000	56.25	45.7	OFF	OFF	90.0	78.0	OFF	60.0
19-04-24 14:30:52	69.7	80.0	65.0	OFF	78.1	68.6	68.8	85.0	35.0	OFF	70.5	54.2	428	PERFECT	524	427	52.73	1000	56.25	45.7	OFF	OFF	90.0	78.0	OFF	60.0
19-04-24 14:45:11	69.7	80.0	65.0	OFF	78.1	68.6	68.9	85.0	35.0	OFF	70.5	54.2	428	PERFECT	524	426	53.42	1000	56.25	45.7	OFF	OFF	90.0	78.0	OFF	60.0
19-04-24 14:45:31	69.7	80.0	65.0	OFF	78.1	68.6	68.9	85.0	35.0	OFF	70.5	54.2	430	PERFECT	524	426	53.52	1000	56.25	45.7	OFF	OFF	90.0	78.0	OFF	60.0
19-04-24 14:45:50	69.7	80.0	65.0	OFF	78.1	68.6	68.7	85.0	35.0	OFF	70.5	54.2	429	PERFECT	524	426	53.42	1000	56.25	45.7	OFF	OFF	90.0	78.0	OFF	60.0
19-04-24 15:00:10	69.7	80.0	65.0	OFF	78.1	68.6	68.8	85.0	35.0	OFF	70.5	54.2	430	PERFECT	524	425	53.42	1000	56.25	45.7	OFF	OFF	90.0	78.0	OFF	60.0
19-04-24 15:00:29	69.7	80.0	65.0	OFF	78.1	68.6	68.8	85.0	35.0	OFF	70.5	54.2	426	PERFECT	524	425	53.42	1000	56.25	45.7	OFF	OFF	90.0	78.0	OFF	60.0
19-04-24 15:00:48	69.7	80.0	65.0	OFF	78.1	68.6	68.7	85.0	35.0	OFF	70.5	54.2	433	PERFECT	524	425	53.42	1000	56.25	45.7	OFF	OFF	90.0	78.0	OFF	60.0
19-04-24 15:15:07	69.8	80.0	65.0	OFF	78.1	68.6	68.7	85.0	35.0	OFF	70.5	54.2	430	PERFECT	524	425	53.32	1000	56.25	45.7	OFF	OFF	90.0	78.0	OFF	60.0
19-04-24 15:15:27	69.9	80.0	65.0	OFF	78.1	68.6	68.9	85.0	35.0	OFF	70.5	54.2	429	PERFECT	524	425	53.22	1000	56.25	45.7	OFF	OFF	90.0	78.0	OFF	60.0
19-04-24 15:15:46	69.8	80.0	65.0	OFF	78.1	68.6	68.8	85.0	35.0	OFF	70.5	54.2	430	PERFECT	524	425	53.22	1000	56.25	45.7	OFF	OFF	90.0	78.0	OFF	60.0
19-04-24 15:30:05	69.9	80.0	65.0	OFF	78.1	68.6	68.9	85.0	35.0	OFF	70.5	54.2	430	PERFECT	524	424	53.52	1000	56.25	45.7	OFF	OFF	90.0	78.0	OFF	60.0
19-04-24 15:30:25	69.8	80.0	65.0	OFF	78.1	68.6	68.8	85.0	35.0	OFF	70.5	54.2	426	PERFECT	524	424	53.42	1000	56.25	45.7	OFF	OFF	90.0	78.0	OFF	60.0
19-04-24 15:30:44	69.8	80.0	65.0	OFF	78.1	68.6	68.8	85.0	35.0	OFF	70.5	54.2	427	PERFECT	524	424	53.42	1000	56.25	45.7	OFF	OFF	90.0	78.0	OFF	60.0
19-04-24 15:45:04	69.9	80.0	65.0	OFF	78.1	68.6	68.7	85.0	35.0	OFF	70.5	54.2	427	PERFECT	524	424	53.32	1000	56.25	45.7	OFF	OFF	90.0	78.0	OFF	60.0
19-04-24 15:45:23	69.9	80.0	65.0	OFF	78.1	68.6	68.7	85.0	35.0	OFF	70.5	54.2	432	PERFECT	524	424	53.42	1000	56.25	45.7	OFF	OFF	90.0	78.0	OFF	60.0
19-04-24 15:45:42	69.9	80.0	65.0	OFF	78.1	68.6	68.8	85.0	35.0	OFF	70.5	54.2	428	PERFECT	524	424	53.42	1000	56.25	45.7	OFF	OFF	90.0	78.0	OFF	60.0
19-04-24 16:00:02	69.9	80.0	65.0	OFF	78.1	68.6	68.7	85.0	35.0	OFF	70.5	54.2	427	PERFECT	524	424	53.32	1000	56.25	45.7	OFF	OFF	90.0	78.0	OFF	60.0
19-04-24 16:00:21	69.9	80.0	65.0	OFF	78.1	68.6	68.6	85.0	35.0	OFF	70.5	54.2	428	PERFECT	524	424	53.32	1000	56.25	45.7	OFF	OFF	90.0	78.0	OFF	60.0
19-04-24 16:00:40	69.9	80.0	65.0	OFF	78.1	68.6	68.6	85.0	35.0	OFF	70.5	54.2	427	PERFECT	524	424	53.32	1000	56.25	45.7	OFF	OFF	90.0	78.0	OFF	60.0
19-04-24 16:00:59	69.9	80.0	65.0	OFF	78.1	68.6	68.6	85.0	35.0	OFF	70.5	54.2	431	PERFECT	524	424	53.32	1000	56.25	45.7	OFF	OFF	90.0	78.0	OFF	60.0
19-04-24 16:15:00	69.9	80.0	65.0	OFF	78.1	68.6	68.5	85.0	35.0	OFF	70.5	54.2	428	PERFECT	524	421	53.42	1000	56.25	45.7	OFF	OFF	90.0	78.0	OFF	60.0
19-04-24 16:15:19	70.0	80.0	65.0	OFF	78.1	68.6	68.5	85.0	35.0	OFF	70.5	54.2	424	DRY	524	421	53.32	1000	56.25	45.7	OFF	OFF	90.0	78.0	OFF	60.0
19-04-24 16:15:38	70.0	80.0	65.0	OFF	78.1	68.6	68.7	85.0	35.0	OFF	70.5	54.2	427	PERFECT	524	421	53.42	1000	56.25	45.7	OFF	OFF	90.0	78.0	OFF	60.0
19-04-24 16:15:57	70.0	80.0	65.0	OFF	78.1	68.6	68.6	85.0	35.0	OFF	70.5	54.2	423	DRY	524	421	53.42	1000	56.25	45.7	OFF	OFF	90.0	78.0	OFF	60.0
19-04-24 16:30:17	70.1	80.0	65.0	OFF	78.1	68.6	68.6	85.0	35.0	OFF	70.5	54.2	425	PERFECT	524	421	53.32	1000	56.25	45.7	OFF	OFF	90.0	78.0	OFF	60.0
19-04-24 16:30:36	70.1	80.0	65.0	OFF	78.1	68.6	68.6	85.0	35.0	OFF	70.5	54.2	420	DRY	524	420	53.32	1000	56.25	45.7	OFF	OFF	90.0	78.0	OFF	60.0
19-04-24 16:30:55	70.1	80.0	65.0	OFF	78.1	68.6	68.6	85.0	35.0	OFF	70.5	54.2	423	DRY	524	420	53.32	1000	56.25	45.7	OFF	OFF	90.0	78.0	OFF	60.0
19-04-24 16:45:15	70.1	80.0	65.0	OFF	78.1	68.6	68.6	85.0	35.0	OFF	70.5	54.2	422	DRY	524	420	53.22	1000	56.25	45.7	OFF	OFF	90.0	78.0	OFF	60.0
19-04-24 16:45:34	70.1	80.0	65.0	OFF	78.1	68.6	68.6	85.0	35.0	OFF	70.5	54.2	422	DRY	524	420	53.22	1000	56.25	45.7	OFF	OFF	90.0	78.0	OFF	60.0
19-04-24 16:45:53	70.1	80.0	65.0	OFF	78.1	68.6	68.6	85.0	35.0	OFF	70.5	54.2	423	DRY	524	420	53.22	1000	56.25	45.7	OFF	OFF	90.0	78.0	OFF	60.0
19-04-24 17:00:13	70.2	80.0	65.0	OFF	78.1	68.6	68.4	85.0	35.0	OFF	70.5	54.2	422	DRY	524	420	53.13	1000	56.25	45.7	OFF	OFF	90.0	78.0	OFF	60.0
19-04-24 17:00:32	70.2	80.0	65.0	OFF	78.1	68.6	68.4	85.0	35.0	OFF	70.5	54.2	421	DRY	524	420	53.22	1000	56.25	45.7	OFF	OFF	90.0	78.0	OFF	60.0
19-04-24 17:00:51	70.2	80.0	65.0	OFF	78.1	68.6	68.4	85.0	35.0	OFF	70.5	54.2	419	DRY	524	419	53.13	1000	56.25	45.7	OFF	OFF	90.0	78.0	OFF	60.0
19-04-24 17:15:10	70.3	80.0	65.0	OFF	78.1	68.6	68.3	85.0	35.0	OFF	70.5	54.2	427	PERFECT	524	416	53.13	1000	56.25	45.7	OFF	OFF	90.0	78.0	OFF	60.0
19-04-24 17:15:29	70.2	80.0	65.0	OFF	78.1	68.6	68.2	85.0	35.0	OFF	70.5	54.2	421	DRY	524	416	53.13	1000	56.25	45.7	OFF	OFF	90.0	78.0	OFF	60.0
19-04-24 17:15:49	70.3	80.0	65.0	OFF	78.1	68.6	68.3	85.0	35.0	OFF	70.5	54.2	423	DRY	524	416	53.13	1000	56.25	45.7	OFF	OFF	90.0	78.0	OFF	60.0
19-04-24 17:30:08	70.3	80.0	65.0	OFF	78.1	68.6	68.3	85.0	35.0	OFF	70.5	54.2	419	DRY	524	415	53.03	1000	56.25	45.7	OFF	OFF	90.0	78.0	OFF	60.0
19-04-24 17:30:27	70.3	80.0	65.0	OFF	78.1	68.6	68.4	85.0	35.0	OFF	70.5	54.2	418	DRY	524	415	53.03	1000	56.25	45.7	OFF	OFF	90.0	78.0	OFF	60.0
19-04-24 17:30:46	70.4	80.0	65.0	OFF	78.1	68.6	68.3	85.0	35.0	OFF	70.5	54.2	417	DRY	524	415	53.03	1000	56.25	45.7	OFF	OFF	90.0	78.0	OFF	60.0
19-04-24 17:45:06	70.5	80.0	65.0	OFF	78.1	68.6	68.3	85.0	35.0	OFF	70.5	54.2	416	DRY	524	414	53.03	1000	56.25	45.7	OFF	OFF	90.0	78.0	OFF	60.0
19-04-24 17:45:25	70.4	80.0	65.0	OFF	78.1	68.6	68.3	85.0	35.0	OFF	70.5	54.2	418	DRY	524	414	53.03	1000	56.25	45.7	OFF	OFF	90.0	78.0	OFF	60.0
19-04-24 17:45:44	70.4	80.0	65.0	OFF	78.1	68.6	68.2	85.0	35.0	OFF	70.5	54.2	419	DRY	524	414	53.03	1000	56.25	45.7	OFF	OFF	90.0	78.0	OFF	60.0
19-04-24 18:00:04	70.4	80.0	65.0	OFF	78.1	68.6	67.3	85.0	35.0	OFF	70.5	54.2	415	DRY	524	414	52.83	1000	56.25	45.7	OFF	OFF	90.0	78.0	OFF	60.0
19-04-24 18:00:23	70.4	80.0	65.0	OFF	78.1	68.6	64.2	85.0	35.0	OFF	70.5	54.2	419	DRY	524	414	52.73	1000	56.25	45.7	OFF	OFF	90.0	78.0	OFF	60.0
19-04-24 18:00:42	70.4	80.0	65.0	OFF	78.1	68.6	62.8	85.0	35.0	OFF	70.5	54.2	417	DRY	524	414	52.73	1000	56.25	45.7	OFF	OFF	90.0	78.0	OFF	60.0
19-04-24 18:15:02	70.4	80.0	65.0	OFF	78.1	68.6	66.5	85.0	35.0	OFF	70.5	54.2	420	DRY	524	411	52.93	1000	56.25	45.7	OFF	OFF	90.0	78.0	OFF	60.0
19-04-24 18:15:21	70.4	80.0	65.0	OFF	78.1	68.6	66.7	85.0	35.0	OFF	70.5	54.2	417	DRY	524	411	52.93	1000	56.25	45.7	OFF	OFF	90.0	78.0	OFF	60.0
19-04-24 18:15:40	70.4	80.0	65.0	OFF	78.1	68.6	66.6	85.0	35.0	OFF	70.5	54.2	418	DRY	524	411	53.03	1000	56.25	45.7	OFF	OFF	90.0	78.0	OFF	60.0
19-04-24 18:15:59	70.4	80.0	65.0	OFF	78.1	68.6	66.5	85.0	35.0	OFF	70.5	54.2	417	DRY	524	411	53.03	1000	56.25	45.7	OFF	OFF	90.0	78.0	OFF	60.0
19-04-24 18:30:00	70.6	80.0	65.0	OFF	78.1	68.6	67.3	85.0	35.0	OFF	70.5	54.2	416	DRY	524	411	53.13	1000	56.25	45.7	OFF	OFF	90.0	78.0	OFF	60.0
19-04-24 18:30:19	70.5	80.0	65.0	OFF	78.1	68.6	67.2	85.0	35.0	OFF	70.5	54.2	414	DRY	524	411	53.13	1000	56.25	45.7	OFF	OFF	90.0	78.0	OFF	60.0
19-04-24 18:30:38	70.5	80.0	65.0	OFF	78.1	68.6	67.3	85.0	35.0	OFF	70.5	54.2	419	DRY	524	411	53.13	1000	56.25	45.7	OFF	OFF	90.0	78.0	OFF	60.0
19-04-24 18:30:57	70.5	80.0	65.0	OFF	78.1	68.6	67.3	85.0	35.0	OFF	70.5	54.2	417	DRY	524	411	53.22	1000	56.25	45.7	OFF	OFF	90.0	78.0	OFF	60.0
19-04-24 18:45:00	70.7	80.0	65.0	OFF	70.7	70.5	67.6	85.0	35.0	OFF	67.7	67.4	415	DRY	418	410	53.32	1000	53.32	53.13	OFF	OFF	90.0	78.0	OFF	60.0
19-04-24 18:45:19	70.6	80.0	65.0	OFF	70.7	70.5	67.6	85.0	35.0	OFF	67.7	67.4	413	DRY	418	410	53.32	1000	53.32	53.13	OFF	OFF	90.0	78.0	OFF	60.0
19-04-24 18:45:38	70.6	80.0	65.0	OFF	70.7	70.5	67.5	85.0	35.0	OFF	67.7	67.4	413	DRY	418	410	53.32	1000	53.32	53.13	OFF	OFF	90.0	78.0	OFF	60.0
19-04-24 18:45:57	70.6	80.0	65.0	OFF	70.7	70.5	67.6	85.0	35.0	OFF	67.7	67.4	411	DRY	418	410	53.22	1000	53.32	53.13	OFF	OFF	90.0	78.0	OFF	60.0
19-04-24 19:15:00	69.6	80.0	65.0	OFF	70.4	69.6	68.7	85.0	35.0	OFF	68.7	67.7	412	DRY	416	409	53.22	1000	53.32	53.13	OFF	OFF	90.0	78.0	OFF	60.0
19-04-24 19:15:19	69.6	80.0	65.0	OFF	70.4	69.6	68.7	85.0	35.0	OFF	68.7	67.7	409	DRY	416	409	53.22	1000	53.32	53.13	OFF	OFF	90.0	78.0	OFF	60.0
19-04-24 19:15:38	69.6	80.0	65.0	OFF	70.4	69.6	68.7	85.0	35.0	OFF	68.7	67.7	410	DRY	416	409	53.32	1000	53.32	53.13	OFF	OFF	90.0	78.0	OFF	60.0
19-04-24 19:15:57	69.5	80.0	65.0	OFF	70.4	69.5	68.7	85.0	35.0	OFF	68.7	67.7	413	DRY	416	409	53.22	1000	53.32	53.13	OFF	OFF	90.0	78.0	OFF	60.0
19-04-24 19:30:17	69.1	80.0	65.0	OFF	70.4	69.1	69.4	85.0	35.0	OFF	69.4	67.7	406	DRY	418	406	53.22	1000	53.32	53.13	OFF	OFF	90.0	78.0	OFF	60.0
19-04-24 19:30:36	69.1	80.0	65.0	OFF	70.4	69.1	69.4	85.0	35.0	OFF	69.4	67.7	408	DRY	418	406	53.13	1000	53.32	53.13	OFF	OFF	90.0	78.0	OFF	60.0
19-04-24 19:30:55	69.1	80.0	65.0	OFF	70.4	69.1	69.4	85.0	35.0	OFF	69.4	67.7	409	DRY	418	406	53.22	1000	53.32	53.13	OFF	OFF	90.0	78.0	OFF	60.0
19-04-24 19:45:15	68.7	80.0	65.0	OFF	70.4	68.7	69.9	85.0	35.0	OFF	69.9	67.7	409	DRY	418	405	53.03	1000	53.32	52.93	OFF	OFF	90.0	78.0	OFF	60.0
19-04-24 19:45:34	68.7	80.0	65.0	OFF	70.4	68.7	69.9	85.0	35.0	OFF	69.9	67.7	408	DRY	418	405	53.03	1000	53.32	52.93	OFF	OFF	90.0	78.0	OFF	60.0
19-04-24 19:45:53	68.7	80.0	65.0	OFF	70.4	68.7	70.0	85.0	35.0	OFF	70.0	67.7	409	DRY	418	405	53.03	1000	53.32	52.93	OFF	OFF	90.0	78.0	OFF	60.0
19-04-24 20:00:00	68.6	80.0	65.0	OFF	68.6	68.5	70.5	85.0	35.0	OFF	70.6	70.5	408	DRY	408	403	53.13	1000	53.13	53.03	OFF	OFF	90.0	78.0	OFF	60.0
19-04-24 20:00:19	68.6	80.0	65.0	OFF	68.6	68.5	70.5	85.0	35.0	OFF	70.6	70.5	405	DRY	408	403	53.13	1000	53.13	53.03	OFF	OFF	90.0	78.0	OFF	60.0
19-04-24 20:00:38	68.6	80.0	65.0	OFF	68.6	68.5	70.5	85.0	35.0	OFF	70.6	70.5	407	DRY	408	403	53.13	1000	53.13	53.03	OFF	OFF	90.0	78.0	OFF	60.0
19-04-24 20:00:57	68.5	80.0	65.0	OFF	68.6	68.5	70.4	85.0	35.0	OFF	70.6	70.4	408	DRY	408	403	53.13	1000	53.13	53.03	OFF	OFF	90.0	78.0	OFF	60.0
19-04-24 20:15:04	68.7	80.0	65.0	OFF	68.8	68.5	69.5	85.0	35.0	OFF	69.6	69.4	405	DRY	411	403	53.22	1000	53.22	53.13	OFF	OFF	90.0	78.0	OFF	60.0
19-04-24 20:15:24	68.7	80.0	65.0	OFF	68.8	68.5	69.5	85.0	35.0	OFF	69.6	69.4	406	DRY	411	403	53.13	1000	53.22	53.13	OFF	OFF	90.0	78.0	OFF	60.0
19-04-24 20:15:43	68.7	80.0	65.0	OFF	68.8	68.5	69.5	85.0	35.0	OFF	69.6	69.4	404	DRY	411	403	53.13	1000	53.22	53.13	OFF	OFF	90.0	78.0	OFF	60.0
19-04-24 20:30:14	69.2	80.0	65.0	OFF	69.2	68.8	69.3	85.0	35.0	OFF	69.4	69.3	406	DRY	412	400	52.73	1000	52.83	52.73	OFF	OFF	90.0	78.0	OFF	60.0
19-04-24 20:30:33	69.2	80.0	65.0	OFF	69.2	68.8	69.3	85.0	35.0	OFF	69.4	69.3	411	DRY	412	400	52.73	1000	52.83	52.73	OFF	OFF	90.0	78.0	OFF	60.0
19-04-24 20:30:52	69.2	80.0	65.0	OFF	69.2	68.8	69.2	85.0	35.0	OFF	69.4	69.2	404	DRY	412	400	52.73	1000	52.83	52.73	OFF	OFF	90.0	78.0	OFF	60.0
19-04-24 20:45:12	69.7	80.0	65.0	OFF	69.7	68.8	68.4	85.0	35.0	OFF	69.4	68.4	413	DRY	413	400	52.64	1000	52.83	52.64	OFF	OFF	90.0	78.0	OFF	60.0
19-04-24 20:45:31	69.7	80.0	65.0	OFF	69.7	68.8	68.2	85.0	35.0	OFF	69.4	68.2	403	DRY	413	400	52.64	1000	52.83	52.64	OFF	OFF	90.0	78.0	OFF	60.0
19-04-24 20:45:50	69.7	80.0	65.0	OFF	69.7	68.8	68.1	85.0	35.0	OFF	69.4	68.1	405	DRY	413	400	52.54	1000	52.83	52.54	OFF	OFF	90.0	78.0	OFF	60.0
19-04-24 21:00:09	70.5	80.0	65.0	OFF	70.5	68.8	61.9	85.0	35.0	OFF	69.4	61.5	407	DRY	414	400	52.05	1000	52.83	51.95	OFF	OFF	90.0	78.0	OFF	60.0
19-04-24 21:00:28	70.5	80.0	65.0	OFF	70.5	68.8	61.8	85.0	35.0	OFF	69.4	61.5	408	DRY	414	400	52.05	1000	52.83	51.95	OFF	OFF	90.0	78.0	OFF	60.0
19-04-24 21:00:48	70.5	80.0	65.0	OFF	70.5	68.8	61.9	85.0	35.0	OFF	69.4	61.5	408	DRY	414	400	52.05	1000	52.83	51.95	OFF	OFF	90.0	78.0	OFF	60.0
19-04-24 21:15:06	71.1	80.0	65.0	OFF	71.2	68.8	60.6	85.0	35.0	OFF	69.4	60.6	410	DRY	415	400	51.86	1000	52.83	51.86	OFF	OFF	90.0	78.0	OFF	60.0
19-04-24 21:15:25	71.2	80.0	65.0	OFF	71.2	68.8	60.6	85.0	35.0	OFF	69.4	60.6	406	DRY	415	400	51.86	1000	52.83	51.86	OFF	OFF	90.0	78.0	OFF	60.0
19-04-24 21:15:45	71.2	80.0	65.0	OFF	71.2	68.8	60.6	85.0	35.0	OFF	69.4	60.6	414	DRY	415	400	51.95	1000	52.83	51.86	OFF	OFF	90.0	78.0	OFF	60.0
19-04-24 21:30:04	71.0	80.0	65.0	OFF	71.2	68.8	60.9	85.0	35.0	OFF	69.4	60.5	406	DRY	415	400	51.66	1000	52.83	51.66	OFF	OFF	90.0	78.0	OFF	60.0
19-04-24 21:30:23	71.0	80.0	65.0	OFF	71.2	68.8	60.9	85.0	35.0	OFF	69.4	60.5	407	DRY	415	400	51.76	1000	52.83	51.66	OFF	OFF	90.0	78.0	OFF	60.0
19-04-24 21:30:42	71.0	80.0	65.0	OFF	71.2	68.8	60.8	85.0	35.0	OFF	69.4	60.5	409	DRY	415	400	51.66	1000	52.83	51.66	OFF	OFF	90.0	78.0	OFF	60.0
19-04-24 21:45:02	70.9	80.0	65.0	OFF	71.2	68.8	63.6	85.0	35.0	OFF	69.4	60.5	406	DRY	415	400	52.44	1000	52.83	51.66	OFF	OFF	90.0	78.0	OFF	60.0
19-04-24 21:45:21	70.9	80.0	65.0	OFF	71.2	68.8	63.7	85.0	35.0	OFF	69.4	60.5	406	DRY	415	400	52.44	1000	52.83	51.66	OFF	OFF	90.0	78.0	OFF	60.0
19-04-24 21:45:40	71.0	80.0	65.0	OFF	71.2	68.8	63.8	85.0	35.0	OFF	69.4	60.5	405	DRY	415	400	52.44	1000	52.83	51.66	OFF	OFF	90.0	78.0	OFF	60.0
19-04-24 21:45:59	71.0	80.0	65.0	OFF	71.2	68.8	63.8	85.0	35.0	OFF	69.4	60.5	404	DRY	415	400	52.54	1000	52.83	51.66	OFF	OFF	90.0	78.0	OFF	60.0
19-04-24 22:00:00	71.1	80.0	65.0	OFF	71.2	68.8	64.7	85.0	35.0	OFF	69.4	60.5	406	DRY	415	400	52.64	1000	52.83	51.66	OFF	OFF	90.0	78.0	OFF	60.0
19-04-24 22:00:19	71.0	80.0	65.0	OFF	71.2	68.8	64.7	85.0	35.0	OFF	69.4	60.5	405	DRY	415	400	52.64	1000	52.83	51.66	OFF	OFF	90.0	78.0	OFF	60.0
19-04-24 22:00:38	71.0	80.0	65.0	OFF	71.2	68.8	64.7	85.0	35.0	OFF	69.4	60.5	408	DRY	415	400	52.73	1000	52.83	51.66	OFF	OFF	90.0	78.0	OFF	60.0
19-04-24 22:00:58	71.1	80.0	65.0	OFF	71.2	68.8	64.8	85.0	35.0	OFF	69.4	60.5	406	DRY	415	400	52.64	1000	52.83	51.66	OFF	OFF	90.0	78.0	OFF	60.0
19-04-24 22:15:19	71.1	80.0	65.0	OFF	71.2	68.8	65.4	85.0	35.0	OFF	69.4	60.5	405	DRY	415	400	52.73	1000	52.83	51.66	OFF	OFF	90.0	78.0	OFF	60.0
19-04-24 22:15:38	71.1	80.0	65.0	OFF	71.2	68.8	65.4	85.0	35.0	OFF	69.4	60.5	411	DRY	415	400	52.73	1000	52.83	51.66	OFF	OFF	90.0	78.0	OFF	60.0
19-04-24 22:15:57	71.1	80.0	65.0	OFF	71.2	68.8	65.4	85.0	35.0	OFF	69.4	60.5	404	DRY	415	400	52.73	1000	52.83	51.66	OFF	OFF	90.0	78.0	OFF	60.0
19-04-24 22:30:17	71.1	80.0	65.0	OFF	71.2	68.8	65.9	85.0	35.0	OFF	69.4	60.5	403	DRY	415	400	52.73	1000	52.93	51.66	OFF	OFF	90.0	78.0	OFF	60.0
19-04-24 22:30:37	71.1	80.0	65.0	OFF	71.2	68.8	65.9	85.0	35.0	OFF	69.4	60.5	403	DRY	415	400	52.73	1000	52.93	51.66	OFF	OFF	90.0	78.0	OFF	60.0
19-04-24 22:30:56	71.1	80.0	65.0	OFF	71.2	68.8	65.9	85.0	35.0	OFF	69.4	60.5	412	DRY	415	400	52.73	1000	52.93	51.66	OFF	OFF	90.0	78.0	OFF	60.0
19-04-24 22:45:16	71.1	80.0	65.0	OFF	71.2	68.8	66.3	85.0	35.0	OFF	69.4	60.5	409	DRY	415	400	52.83	1000	52.93	51.66	OFF	OFF	90.0	78.0	OFF	60.0
19-04-24 22:45:36	71.1	80.0	65.0	OFF	71.2	68.8	66.3	85.0	35.0	OFF	69.4	60.5	408	DRY	415	400	52.83	1000	52.93	51.66	OFF	OFF	90.0	78.0	OFF	60.0
19-04-24 22:45:55	71.1	80.0	65.0	OFF	71.2	68.8	66.3	85.0	35.0	OFF	69.4	60.5	410	DRY	415	400	52.83	1000	52.93	51.66	OFF	OFF	90.0	78.0	OFF	60.0
19-04-24 23:00:02	70.9	80.0	65.0	OFF	71.1	70.9	67.2	85.0	35.0	OFF	67.2	65.8	407	DRY	416	399	52.54	1000	52.83	52.34	OFF	OFF	90.0	78.0	OFF	60.0
19-04-24 23:00:06	70.9	80.0	65.0	OFF	71.1	70.9	67.2	85.0	35.0	OFF	67.2	65.8	407	DRY	416	399	52.64	1000	52.83	52.34	OFF	OFF	90.0	78.0	OFF	60.0
19-04-24 23:00:09	70.9	80.0	65.0	OFF	71.1	70.9	67.2	85.0	35.0	OFF	67.2	65.8	407	DRY	416	399	52.54	1000	52.83	52.34	OFF	OFF	90.0	78.0	OFF	60.0
19-04-24 23:00:13	70.9	80.0	65.0	OFF	71.1	70.9	67.2	85.0	35.0	OFF	67.2	65.8	406	DRY	416	399	52.54	1000	52.83	52.34	OFF	OFF	90.0	78.0	OFF	60.0
19-04-24 23:00:16	70.9	80.0	65.0	OFF	71.1	70.9	67.2	85.0	35.0	OFF	67.2	65.8	411	DRY	416	399	52.64	1000	52.83	52.34	OFF	OFF	90.0	78.0	OFF	60.0
19-04-24 23:00:19	70.8	80.0	65.0	OFF	71.1	70.8	67.1	85.0	35.0	OFF	67.2	65.8	411	DRY	416	399	52.54	1000	52.83	52.34	OFF	OFF	90.0	78.0	OFF	60.0
19-04-24 23:00:23	70.9	80.0	65.0	OFF	71.1	70.8	67.2	85.0	35.0	OFF	67.2	65.8	411	DRY	416	399	52.54	1000	52.83	52.34	OFF	OFF	90.0	78.0	OFF	60.0
19-04-24 23:00:26	70.9	80.0	65.0	OFF	71.1	70.8	67.2	85.0	35.0	OFF	67.2	65.8	409	DRY	416	399	52.64	1000	52.83	52.34	OFF	OFF	90.0	78.0	OFF	60.0
19-04-24 23:00:30	70.9	80.0	65.0	OFF	71.1	70.8	67.2	85.0	35.0	OFF	67.2	65.8	407	DRY	416	399	52.54	1000	52.83	52.34	OFF	OFF	90.0	78.0	OFF	60.0
19-04-24 23:00:33	70.9	80.0	65.0	OFF	71.1	70.8	67.2	85.0	35.0	OFF	67.2	65.8	407	DRY	416	399	52.54	1000	52.83	52.34	OFF	OFF	90.0	78.0	OFF	60.0
19-04-24 23:00:36	70.9	80.0	65.0	OFF	71.1	70.8	67.2	85.0	35.0	OFF	67.2	65.8	406	DRY	416	399	52.54	1000	52.83	52.34	OFF	OFF	90.0	78.0	OFF	60.0
19-04-24 23:00:40	70.9	80.0	65.0	OFF	71.1	70.8	67.2	85.0	35.0	OFF	67.2	65.8	408	DRY	416	399	52.54	1000	52.83	52.34	OFF	OFF	90.0	78.0	OFF	60.0
19-04-24 23:00:43	70.9	80.0	65.0	OFF	71.1	70.8	67.2	85.0	35.0	OFF	67.2	65.8	407	DRY	416	399	52.64	1000	52.83	52.34	OFF	OFF	90.0	78.0	OFF	60.0
19-04-24 23:00:47	70.9	80.0	65.0	OFF	71.1	70.8	67.2	85.0	35.0	OFF	67.2	65.8	408	DRY	416	399	52.54	1000	52.83	52.34	OFF	OFF	90.0	78.0	OFF	60.0
19-04-24 23:00:50	70.9	80.0	65.0	OFF	71.1	70.8	67.2	85.0	35.0	OFF	67.2	65.8	408	DRY	416	399	52.54	1000	52.83	52.34	OFF	OFF	90.0	78.0	OFF	60.0
19-04-24 23:00:54	70.9	80.0	65.0	OFF	71.1	70.8	67.2	85.0	35.0	OFF	67.2	65.8	409	DRY	416	399	52.64	1000	52.83	52.34	OFF	OFF	90.0	78.0	OFF	60.0
19-04-24 23:00:57	70.9	80.0	65.0	OFF	71.1	70.8	67.2	85.0	35.0	OFF	67.2	65.8	410	DRY	416	399	52.54	1000	52.83	52.34	OFF	OFF	90.0	78.0	OFF	60.0
