19-05-09 00:00:12	73.0	80.0	65.0	OFF	73.0	73.0	83.4	85.0	35.0	OFF	83.4	83.4	417	DRY	417	417	9.57	1000	9.57	9.57	OFF	OFF	88.0	77.0	OFF	66.0
19-05-09 00:00:31	73.1	80.0	65.0	OFF	73.1	73.1	83.3	85.0	35.0	OFF	83.3	83.3	413	DRY	413	413	9.67	1000	9.67	9.67	OFF	OFF	88.0	77.0	OFF	66.0
19-05-09 00:00:50	73.0	80.0	65.0	OFF	73.0	73.0	83.2	85.0	35.0	OFF	83.2	83.2	413	DRY	413	413	9.67	1000	9.67	9.67	OFF	OFF	88.0	77.0	OFF	66.0
19-05-09 00:15:07	72.5	80.0	65.0	OFF	73.0	72.5	84.0	85.0	35.0	OFF	84.4	82.8	410	DRY	419	409	9.18	1000	9.77	9.18	OFF	OFF	88.0	77.0	OFF	66.0
19-05-09 00:15:26	72.5	80.0	65.0	OFF	73.0	72.5	83.8	85.0	35.0	OFF	84.4	82.8	412	DRY	419	409	9.28	1000	9.77	9.18	OFF	OFF	88.0	77.0	OFF	66.0
19-05-09 00:15:46	72.5	80.0	65.0	OFF	73.0	72.5	84.2	85.0	35.0	OFF	84.4	82.8	416	DRY	419	409	9.18	1000	9.77	9.18	OFF	OFF	88.0	77.0	OFF	66.0
19-05-09 00:30:03	72.1	80.0	65.0	OFF	73.0	72.1	84.4	85.0	35.0	OFF	84.5	82.8	414	DRY	419	409	8.69	1000	9.77	8.69	OFF	OFF	88.0	77.0	OFF	66.0
19-05-09 00:30:22	72.1	80.0	65.0	OFF	73.0	72.1	84.0	85.0	35.0	OFF	84.5	82.8	412	DRY	419	409	8.59	1000	9.77	8.59	OFF	OFF	88.0	77.0	OFF	66.0
19-05-09 00:30:41	72.1	80.0	65.0	OFF	73.0	72.1	84.2	85.0	35.0	OFF	84.5	82.8	417	DRY	419	409	8.79	1000	9.77	8.59	OFF	OFF	88.0	77.0	OFF	66.0
19-05-09 00:45:17	71.8	80.0	65.0	OFF	73.0	71.8	84.5	85.0	35.0	OFF	85.0	82.8	411	DRY	420	406	8.4	1000	9.77	8.4	OFF	OFF	88.0	77.0	OFF	66.0
19-05-09 00:45:36	71.8	80.0	65.0	OFF	73.0	71.8	84.6	85.0	35.0	OFF	85.0	82.8	406	DRY	420	406	8.69	1000	9.77	8.4	OFF	OFF	88.0	77.0	OFF	66.0
19-05-09 00:45:55	71.8	80.0	65.0	OFF	73.0	71.8	84.3	85.0	35.0	OFF	85.0	82.8	414	DRY	420	406	8.5	1000	9.77	8.4	OFF	OFF	88.0	77.0	OFF	66.0
19-05-09 01:00:13	71.8	80.0	65.0	OFF	73.0	71.7	87.2	85.0	35.0	ON	87.2	82.8	406	DRY	420	402	9.38	1000	9.77	8.2	OFF	OFF	88.0	77.0	OFF	66.0
19-05-09 01:00:32	71.8	80.0	65.0	OFF	73.0	71.7	87.3	85.0	35.0	ON	87.3	82.8	405	DRY	420	402	9.38	1000	9.77	8.2	OFF	OFF	88.0	77.0	OFF	66.0
19-05-09 01:00:51	71.7	80.0	65.0	OFF	73.0	71.7	87.1	85.0	35.0	ON	87.3	82.8	404	DRY	420	402	9.47	1000	9.77	8.2	OFF	OFF	88.0	77.0	OFF	66.0
19-05-09 01:15:11	71.7	80.0	65.0	OFF	73.0	71.6	87.8	85.0	35.0	ON	88.5	82.8	406	DRY	420	400	9.57	1000	9.86	8.2	OFF	OFF	88.0	77.0	OFF	66.0
19-05-09 01:15:30	71.7	80.0	65.0	OFF	73.0	71.6	87.6	85.0	35.0	ON	88.5	82.8	402	DRY	420	400	9.67	1000	9.86	8.2	OFF	OFF	88.0	77.0	OFF	66.0
19-05-09 01:15:49	71.7	80.0	65.0	OFF	73.0	71.6	87.2	85.0	35.0	ON	88.5	82.8	403	DRY	420	400	9.67	1000	9.86	8.2	OFF	OFF	88.0	77.0	OFF	66.0
19-05-09 01:30:08	71.6	80.0	65.0	OFF	73.0	71.5	88.0	85.0	35.0	ON	88.7	82.8	398	DRY	420	395	9.57	1000	10.06	8.2	OFF	OFF	88.0	77.0	OFF	66.0
19-05-09 01:30:27	71.5	80.0	65.0	OFF	73.0	71.5	88.1	85.0	35.0	ON	88.7	82.8	404	DRY	420	395	9.57	1000	10.06	8.2	OFF	OFF	88.0	77.0	OFF	66.0
19-05-09 01:30:46	71.5	80.0	65.0	OFF	73.0	71.5	88.5	85.0	35.0	ON	88.7	82.8	402	DRY	420	395	9.67	1000	10.06	8.2	OFF	OFF	88.0	77.0	OFF	66.0
19-05-09 01:45:06	71.4	80.0	65.0	OFF	73.0	71.4	89.6	85.0	35.0	ON	90.3	82.8	395	DRY	420	393	9.47	1000	10.06	8.2	OFF	OFF	88.0	77.0	OFF	66.0
19-05-09 01:45:25	71.4	80.0	65.0	OFF	73.0	71.4	89.5	85.0	35.0	ON	90.3	82.8	385	DRY	420	385	9.67	1000	10.06	8.2	OFF	OFF	88.0	77.0	OFF	66.0
19-05-09 01:45:44	71.4	80.0	65.0	OFF	73.0	71.4	89.5	85.0	35.0	ON	90.3	82.8	393	DRY	420	385	9.67	1000	10.06	8.2	OFF	OFF	88.0	77.0	OFF	66.0
19-05-09 02:00:03	71.2	80.0	65.0	OFF	73.0	71.2	88.5	85.0	35.0	ON	90.3	82.8	394	DRY	420	385	9.57	1000	10.06	8.2	OFF	OFF	88.0	77.0	OFF	66.0
19-05-09 02:00:22	71.3	80.0	65.0	OFF	73.0	71.2	88.6	85.0	35.0	ON	90.3	82.8	388	DRY	420	385	9.38	1000	10.06	8.2	OFF	OFF	88.0	77.0	OFF	66.0
19-05-09 02:00:42	71.3	80.0	65.0	OFF	73.0	71.2	89.0	85.0	35.0	ON	90.3	82.8	389	DRY	420	385	9.57	1000	10.06	8.2	OFF	OFF	88.0	77.0	OFF	66.0
19-05-09 02:15:01	71.1	80.0	65.0	OFF	73.0	71.0	90.7	85.0	35.0	ON	91.5	82.8	381	DRY	420	381	9.67	1000	10.06	8.2	OFF	OFF	88.0	77.0	OFF	66.0
19-05-09 02:15:20	71.1	80.0	65.0	OFF	73.0	71.0	90.6	85.0	35.0	ON	91.5	82.8	389	DRY	420	381	9.47	1000	10.06	8.2	OFF	OFF	88.0	77.0	OFF	66.0
19-05-09 02:15:39	71.2	80.0	65.0	OFF	73.0	71.0	90.8	85.0	35.0	ON	91.5	82.8	382	DRY	420	381	9.57	1000	10.06	8.2	OFF	OFF	88.0	77.0	OFF	66.0
19-05-09 02:15:58	71.1	80.0	65.0	OFF	73.0	71.0	90.9	85.0	35.0	ON	91.5	82.8	386	DRY	420	381	9.57	1000	10.06	8.2	OFF	OFF	88.0	77.0	OFF	66.0
19-05-09 02:30:18	70.9	80.0	65.0	OFF	73.0	70.9	91.7	85.0	35.0	ON	92.1	82.8	379	DRY	420	378	9.47	1000	10.06	8.2	OFF	OFF	88.0	77.0	OFF	66.0
19-05-09 02:30:37	70.9	80.0	65.0	OFF	73.0	70.9	91.8	85.0	35.0	ON	92.1	82.8	377	DRY	420	377	9.38	1000	10.06	8.2	OFF	OFF	88.0	77.0	OFF	66.0
19-05-09 02:30:56	70.9	80.0	65.0	OFF	73.0	70.9	91.8	85.0	35.0	ON	92.1	82.8	380	DRY	420	377	9.47	1000	10.06	8.2	OFF	OFF	88.0	77.0	OFF	66.0
19-05-09 02:45:15	70.8	80.0	65.0	OFF	73.0	70.8	92.0	85.0	35.0	ON	92.2	82.8	377	DRY	420	375	9.47	1000	10.06	8.2	OFF	OFF	88.0	77.0	OFF	66.0
19-05-09 02:45:34	70.9	80.0	65.0	OFF	73.0	70.8	92.1	85.0	35.0	ON	92.2	82.8	382	DRY	420	375	9.47	1000	10.06	8.2	OFF	OFF	88.0	77.0	OFF	66.0
19-05-09 02:45:53	70.8	80.0	65.0	OFF	73.0	70.8	92.1	85.0	35.0	ON	92.2	82.8	383	DRY	420	375	9.47	1000	10.06	8.2	OFF	OFF	88.0	77.0	OFF	66.0
19-05-09 03:00:13	70.7	80.0	65.0	OFF	73.0	70.7	92.5	85.0	35.0	ON	92.8	82.8	372	DRY	420	371	9.47	1000	10.06	8.2	OFF	OFF	88.0	77.0	OFF	66.0
19-05-09 03:00:32	70.6	80.0	65.0	OFF	73.0	70.6	92.1	85.0	35.0	ON	92.8	82.8	373	DRY	420	371	9.47	1000	10.06	8.2	OFF	OFF	88.0	77.0	OFF	66.0
19-05-09 03:00:51	70.7	80.0	65.0	OFF	73.0	70.6	92.4	85.0	35.0	ON	92.8	82.8	379	DRY	420	371	9.47	1000	10.06	8.2	OFF	OFF	88.0	77.0	OFF	66.0
19-05-09 03:15:10	70.5	80.0	65.0	OFF	73.0	70.5	91.4	85.0	35.0	ON	93.1	82.8	372	DRY	420	370	9.47	1000	10.06	8.2	OFF	OFF	88.0	77.0	OFF	66.0
19-05-09 03:15:29	70.5	80.0	65.0	OFF	73.0	70.5	91.3	85.0	35.0	ON	93.1	82.8	379	DRY	420	370	9.47	1000	10.06	8.2	OFF	OFF	88.0	77.0	OFF	66.0
19-05-09 03:15:49	70.5	80.0	65.0	OFF	73.0	70.5	91.4	85.0	35.0	ON	93.1	82.8	376	DRY	420	370	9.38	1000	10.06	8.2	OFF	OFF	88.0	77.0	OFF	66.0
19-05-09 03:30:08	70.4	80.0	65.0	OFF	73.0	70.4	92.1	85.0	35.0	ON	93.1	82.8	374	DRY	420	369	9.38	1000	10.06	8.2	OFF	OFF	88.0	77.0	OFF	66.0
19-05-09 03:30:27	70.4	80.0	65.0	OFF	73.0	70.4	92.2	85.0	35.0	ON	93.1	82.8	372	DRY	420	369	9.47	1000	10.06	8.2	OFF	OFF	88.0	77.0	OFF	66.0
19-05-09 03:30:46	70.4	80.0	65.0	OFF	73.0	70.4	92.1	85.0	35.0	ON	93.1	82.8	374	DRY	420	369	9.47	1000	10.06	8.2	OFF	OFF	88.0	77.0	OFF	66.0
19-05-09 03:45:05	70.3	80.0	65.0	OFF	73.0	70.3	92.5	85.0	35.0	ON	93.1	82.8	372	DRY	420	364	9.28	1000	10.06	8.2	OFF	OFF	88.0	77.0	OFF	66.0
19-05-09 03:45:25	70.3	80.0	65.0	OFF	73.0	70.3	92.5	85.0	35.0	ON	93.1	82.8	369	DRY	420	364	9.38	1000	10.06	8.2	OFF	OFF	88.0	77.0	OFF	66.0
19-05-09 03:45:44	70.3	80.0	65.0	OFF	73.0	70.3	92.4	85.0	35.0	ON	93.1	82.8	373	DRY	420	364	9.38	1000	10.06	8.2	OFF	OFF	88.0	77.0	OFF	66.0
19-05-09 04:00:03	70.1	80.0	65.0	OFF	73.0	70.1	92.0	85.0	35.0	ON	93.1	82.8	365	DRY	420	360	9.28	1000	10.06	8.2	OFF	OFF	88.0	77.0	OFF	66.0
19-05-09 04:00:22	70.1	80.0	65.0	OFF	73.0	70.1	92.0	85.0	35.0	ON	93.1	82.8	371	DRY	420	360	9.28	1000	10.06	8.2	OFF	OFF	88.0	77.0	OFF	66.0
19-05-09 04:00:41	70.2	80.0	65.0	OFF	73.0	70.1	92.2	85.0	35.0	ON	93.1	82.8	366	DRY	420	360	9.28	1000	10.06	8.2	OFF	OFF	88.0	77.0	OFF	66.0
19-05-09 04:15:01	70.0	80.0	65.0	OFF	73.0	70.0	92.4	85.0	35.0	ON	93.1	82.8	362	DRY	420	359	9.28	1000	10.06	8.2	OFF	OFF	88.0	77.0	OFF	66.0
19-05-09 04:15:20	70.1	80.0	65.0	OFF	73.0	70.0	92.3	85.0	35.0	ON	93.1	82.8	361	DRY	420	359	9.18	1000	10.06	8.2	OFF	OFF	88.0	77.0	OFF	66.0
19-05-09 04:15:39	70.1	80.0	65.0	OFF	73.0	70.0	92.0	85.0	35.0	ON	93.1	82.8	361	DRY	420	359	9.08	1000	10.06	8.2	OFF	OFF	88.0	77.0	OFF	66.0
19-05-09 04:15:58	70.0	80.0	65.0	OFF	73.0	70.0	91.8	85.0	35.0	ON	93.1	82.8	364	DRY	420	359	9.28	1000	10.06	8.2	OFF	OFF	88.0	77.0	OFF	66.0
19-05-09 04:30:17	70.0	80.0	65.0	OFF	73.0	69.9	92.6	85.0	35.0	ON	93.1	82.8	358	DRY	420	351	9.08	1000	10.06	8.2	OFF	OFF	88.0	77.0	OFF	66.0
19-05-09 04:30:36	70.0	80.0	65.0	OFF	73.0	69.9	92.5	85.0	35.0	ON	93.1	82.8	357	DRY	420	351	9.08	1000	10.06	8.2	OFF	OFF	88.0	77.0	OFF	66.0
19-05-09 04:30:55	69.9	80.0	65.0	OFF	73.0	69.9	92.3	85.0	35.0	ON	93.1	82.8	357	DRY	420	351	8.98	1000	10.06	8.2	OFF	OFF	88.0	77.0	OFF	66.0
19-05-09 04:45:15	69.9	80.0	65.0	OFF	73.0	69.8	92.7	85.0	35.0	ON	93.2	82.8	360	DRY	420	351	9.18	1000	10.06	8.2	OFF	OFF	88.0	77.0	OFF	66.0
19-05-09 04:45:34	69.9	80.0	65.0	OFF	73.0	69.8	92.9	85.0	35.0	ON	93.2	82.8	358	DRY	420	351	9.08	1000	10.06	8.2	OFF	OFF	88.0	77.0	OFF	66.0
19-05-09 04:45:53	69.9	80.0	65.0	OFF	73.0	69.8	92.9	85.0	35.0	ON	93.2	82.8	359	DRY	420	351	9.28	1000	10.06	8.2	OFF	OFF	88.0	77.0	OFF	66.0
19-05-09 05:00:12	69.7	80.0	65.0	OFF	73.0	69.7	93.3	85.0	35.0	ON	93.6	82.8	360	DRY	420	351	9.18	1000	10.06	8.2	OFF	OFF	88.0	77.0	OFF	66.0
19-05-09 05:00:32	69.7	80.0	65.0	OFF	73.0	69.7	93.2	85.0	35.0	ON	93.6	82.8	357	DRY	420	351	9.08	1000	10.06	8.2	OFF	OFF	88.0	77.0	OFF	66.0
19-05-09 05:00:51	69.9	80.0	65.0	OFF	73.0	69.7	92.8	85.0	35.0	ON	93.6	82.8	355	DRY	420	351	8.89	1000	10.06	8.2	OFF	OFF	88.0	77.0	OFF	66.0
19-05-09 05:15:10	72.5	80.0	65.0	OFF	73.0	69.7	85.0	85.0	35.0	ON	93.6	82.8	354	DRY	420	351	9.28	1000	10.06	8.2	OFF	OFF	88.0	77.0	OFF	66.0
19-05-09 05:15:29	72.5	80.0	65.0	OFF	73.0	69.7	85.4	85.0	35.0	ON	93.6	82.8	355	DRY	420	351	9.47	1000	10.06	8.2	OFF	OFF	88.0	77.0	OFF	66.0
19-05-09 05:15:48	72.5	80.0	65.0	OFF	73.0	69.7	85.4	85.0	35.0	ON	93.6	82.8	358	DRY	420	351	9.47	1000	10.06	8.2	OFF	OFF	88.0	77.0	OFF	66.0
19-05-09 05:30:08	73.7	80.0	65.0	OFF	73.7	69.7	81.7	85.0	35.0	OFF	93.6	81.3	355	DRY	420	351	9.47	1000	10.06	8.2	OFF	OFF	88.0	77.0	OFF	66.0
19-05-09 05:30:27	73.7	80.0	65.0	OFF	73.7	69.7	81.1	85.0	35.0	OFF	93.6	81.1	356	DRY	420	351	9.28	1000	10.06	8.2	OFF	OFF	88.0	77.0	OFF	66.0
19-05-09 05:30:46	73.6	80.0	65.0	OFF	73.7	69.7	81.2	85.0	35.0	OFF	93.6	81.1	356	DRY	420	351	9.38	1000	10.06	8.2	OFF	OFF	88.0	77.0	OFF	66.0
19-05-09 05:45:05	74.3	80.0	65.0	OFF	74.3	69.7	79.9	85.0	35.0	OFF	93.6	79.0	346	DRY	420	345	9.38	1000	10.06	8.2	OFF	OFF	88.0	77.0	OFF	66.0
19-05-09 05:45:24	74.3	80.0	65.0	OFF	74.3	69.7	80.0	85.0	35.0	OFF	93.6	79.0	354	DRY	420	345	9.67	1000	10.06	8.2	OFF	OFF	88.0	77.0	OFF	66.0
19-05-09 05:45:43	74.3	80.0	65.0	OFF	74.3	69.7	79.3	85.0	35.0	OFF	93.6	79.0	348	DRY	420	345	9.47	1000	10.06	8.2	OFF	OFF	88.0	77.0	OFF	66.0
19-05-09 06:00:03	74.7	80.0	65.0	OFF	74.7	69.7	78.4	85.0	35.0	OFF	93.6	78.3	350	DRY	420	345	9.47	1000	10.06	8.2	OFF	OFF	88.0	77.0	OFF	66.0
19-05-09 06:00:22	74.7	80.0	65.0	OFF	74.7	69.7	78.7	85.0	35.0	OFF	93.6	78.3	347	DRY	420	345	9.28	1000	10.06	8.2	OFF	OFF	88.0	77.0	OFF	66.0
19-05-09 06:00:41	74.8	80.0	65.0	OFF	74.8	69.7	79.0	85.0	35.0	OFF	93.6	78.3	351	DRY	420	345	9.57	1000	10.06	8.2	OFF	OFF	88.0	77.0	OFF	66.0
19-05-09 06:15:00	75.0	80.0	65.0	OFF	75.0	69.7	77.5	85.0	35.0	OFF	93.6	76.9	345	DRY	420	341	9.57	1000	10.06	8.2	OFF	OFF	88.0	77.0	OFF	66.0
19-05-09 06:15:19	75.0	80.0	65.0	OFF	75.0	69.7	76.8	85.0	35.0	OFF	93.6	76.8	347	DRY	420	341	9.38	1000	10.06	8.2	OFF	OFF	88.0	77.0	OFF	66.0
19-05-09 06:15:38	75.0	80.0	65.0	OFF	75.0	69.7	77.0	85.0	35.0	OFF	93.6	76.8	347	DRY	420	341	9.47	1000	10.06	8.2	OFF	OFF	88.0	77.0	OFF	66.0
19-05-09 06:15:58	75.1	80.0	65.0	OFF	75.1	69.7	77.1	85.0	35.0	OFF	93.6	76.8	345	DRY	420	341	9.47	1000	10.06	8.2	OFF	OFF	88.0	77.0	OFF	66.0
19-05-09 06:30:17	75.2	80.0	65.0	OFF	75.2	69.7	76.2	85.0	35.0	OFF	93.6	76.2	340	DRY	420	340	9.47	1000	10.06	8.2	OFF	OFF	88.0	77.0	OFF	66.0
19-05-09 06:30:36	75.3	80.0	65.0	OFF	75.3	69.7	76.7	85.0	35.0	OFF	93.6	76.2	342	DRY	420	340	9.38	1000	10.06	8.2	OFF	OFF	88.0	77.0	OFF	66.0
19-05-09 06:30:55	75.3	80.0	65.0	OFF	75.3	69.7	76.6	85.0	35.0	OFF	93.6	76.2	345	DRY	420	340	9.38	1000	10.06	8.2	OFF	OFF	88.0	77.0	OFF	66.0
19-05-09 06:45:14	75.4	80.0	65.0	OFF	75.4	69.7	75.8	85.0	35.0	OFF	93.6	75.2	343	DRY	420	338	9.47	1000	10.06	8.2	OFF	OFF	88.0	77.0	OFF	66.0
19-05-09 06:45:34	75.4	80.0	65.0	OFF	75.4	69.7	75.7	85.0	35.0	OFF	93.6	75.2	339	DRY	420	338	9.38	1000	10.06	8.2	OFF	OFF	88.0	77.0	OFF	66.0
19-05-09 06:45:53	75.4	80.0	65.0	OFF	75.4	69.7	75.6	85.0	35.0	OFF	93.6	75.2	342	DRY	420	338	9.38	1000	10.06	8.2	OFF	OFF	88.0	77.0	OFF	66.0
19-05-09 07:00:12	75.5	80.0	65.0	OFF	75.5	69.7	75.1	85.0	35.0	OFF	93.6	75.1	336	DRY	420	336	9.28	1000	10.06	8.2	OFF	OFF	88.0	77.0	OFF	66.0
19-05-09 07:00:31	75.5	80.0	65.0	OFF	75.5	69.7	75.3	85.0	35.0	OFF	93.6	75.1	337	DRY	420	336	9.38	1000	10.06	8.2	OFF	OFF	88.0	77.0	OFF	66.0
19-05-09 07:00:50	75.5	80.0	65.0	OFF	75.5	69.7	75.7	85.0	35.0	OFF	93.6	75.1	338	DRY	420	336	9.28	1000	10.06	8.2	OFF	OFF	88.0	77.0	OFF	66.0
19-05-09 07:15:10	75.6	80.0	65.0	OFF	75.6	69.7	75.0	85.0	35.0	OFF	93.6	74.5	340	DRY	420	334	9.28	1000	10.06	8.2	OFF	OFF	88.0	77.0	OFF	66.0
19-05-09 07:15:29	75.5	80.0	65.0	OFF	75.6	69.7	74.9	85.0	35.0	OFF	93.6	74.5	335	DRY	420	334	9.28	1000	10.06	8.2	OFF	OFF	88.0	77.0	OFF	66.0
19-05-09 07:15:48	75.6	80.0	65.0	OFF	75.6	69.7	74.8	85.0	35.0	OFF	93.6	74.5	339	DRY	420	334	9.28	1000	10.06	8.2	OFF	OFF	88.0	77.0	OFF	66.0
19-05-09 07:30:07	75.7	80.0	65.0	OFF	75.7	69.7	75.2	85.0	35.0	OFF	93.6	73.9	335	DRY	420	328	9.28	1000	10.06	8.2	OFF	OFF	88.0	77.0	OFF	66.0
19-05-09 07:30:26	75.6	80.0	65.0	OFF	75.7	69.7	74.6	85.0	35.0	OFF	93.6	73.9	343	DRY	420	328	9.28	1000	10.06	8.2	OFF	OFF	88.0	77.0	OFF	66.0
19-05-09 07:30:45	75.7	80.0	65.0	OFF	75.7	69.7	74.9	85.0	35.0	OFF	93.6	73.9	340	DRY	420	328	9.67	1000	10.06	8.2	OFF	OFF	88.0	77.0	OFF	66.0
19-05-09 07:45:05	75.7	80.0	65.0	OFF	75.7	69.7	74.3	85.0	35.0	OFF	93.6	73.9	331	DRY	420	328	9.28	1000	10.06	8.2	OFF	OFF	88.0	77.0	OFF	66.0
19-05-09 07:45:24	75.7	80.0	65.0	OFF	75.7	69.7	74.3	85.0	35.0	OFF	93.6	73.9	330	DRY	420	328	9.28	1000	10.06	8.2	OFF	OFF	88.0	77.0	OFF	66.0
19-05-09 07:45:43	75.7	80.0	65.0	OFF	75.7	69.7	74.6	85.0	35.0	OFF	93.6	73.9	339	DRY	420	328	9.38	1000	10.06	8.2	OFF	OFF	88.0	77.0	OFF	66.0
19-05-09 08:00:02	75.8	80.0	65.0	OFF	75.8	69.7	74.6	85.0	35.0	OFF	93.6	73.5	341	DRY	420	327	9.28	1000	10.06	8.2	OFF	OFF	88.0	77.0	OFF	66.0
19-05-09 08:00:21	75.7	80.0	65.0	OFF	75.8	69.7	74.5	85.0	35.0	OFF	93.6	73.5	331	DRY	420	327	9.28	1000	10.06	8.2	OFF	OFF	88.0	77.0	OFF	66.0
19-05-09 08:00:40	75.7	80.0	65.0	OFF	75.8	69.7	74.2	85.0	35.0	OFF	93.6	73.5	329	DRY	420	327	9.18	1000	10.06	8.2	OFF	OFF	88.0	77.0	OFF	66.0
19-05-09 08:00:59	75.8	80.0	65.0	OFF	75.8	69.7	74.2	85.0	35.0	OFF	93.6	73.5	332	DRY	420	327	9.18	1000	10.06	8.2	OFF	OFF	88.0	77.0	OFF	66.0
19-05-09 08:15:00	75.8	80.0	65.0	OFF	75.9	69.7	73.7	85.0	35.0	OFF	93.6	73.5	325	DRY	420	325	9.28	1000	10.06	8.2	OFF	OFF	88.0	77.0	OFF	66.0
19-05-09 08:15:19	75.8	80.0	65.0	OFF	75.9	69.7	73.8	85.0	35.0	OFF	93.6	73.5	330	DRY	420	325	9.28	1000	10.06	8.2	OFF	OFF	88.0	77.0	OFF	66.0
19-05-09 08:15:38	75.8	80.0	65.0	OFF	75.9	69.7	74.2	85.0	35.0	OFF	93.6	73.5	325	DRY	420	325	9.08	1000	10.06	8.2	OFF	OFF	88.0	77.0	OFF	66.0
19-05-09 08:15:57	75.8	80.0	65.0	OFF	75.9	69.7	73.1	85.0	35.0	OFF	93.6	73.1	335	DRY	420	325	9.28	1000	10.06	8.2	OFF	OFF	88.0	77.0	OFF	66.0
19-05-09 08:30:16	75.8	80.0	65.0	OFF	75.9	69.7	74.0	85.0	35.0	OFF	93.6	73.1	325	DRY	420	318	9.28	1000	10.06	8.2	OFF	OFF	88.0	77.0	OFF	66.0
19-05-09 08:30:35	75.8	80.0	65.0	OFF	75.9	69.7	74.3	85.0	35.0	OFF	93.6	73.1	323	DRY	420	318	9.08	1000	10.06	8.2	OFF	OFF	88.0	77.0	OFF	66.0
19-05-09 08:30:55	75.8	80.0	65.0	OFF	75.9	69.7	74.1	85.0	35.0	OFF	93.6	73.1	329	DRY	420	318	9.28	1000	10.06	8.2	OFF	OFF	88.0	77.0	OFF	66.0
19-05-09 08:45:14	75.9	80.0	65.0	OFF	75.9	69.7	73.3	85.0	35.0	OFF	93.6	72.8	321	DRY	420	318	9.08	1000	10.06	8.2	OFF	OFF	88.0	77.0	OFF	66.0
19-05-09 08:45:33	75.9	80.0	65.0	OFF	75.9	69.7	73.9	85.0	35.0	OFF	93.6	72.8	320	DRY	420	318	9.18	1000	10.06	8.2	OFF	OFF	88.0	77.0	OFF	66.0
19-05-09 08:45:52	75.9	80.0	65.0	OFF	75.9	69.7	73.4	85.0	35.0	OFF	93.6	72.8	326	DRY	420	318	9.08	1000	10.06	8.2	OFF	OFF	88.0	77.0	OFF	66.0
19-05-09 09:00:11	75.8	80.0	65.0	OFF	75.9	69.7	73.9	85.0	35.0	OFF	93.6	72.8	319	DRY	420	318	9.08	1000	10.06	8.2	OFF	OFF	88.0	77.0	OFF	66.0
19-05-09 09:00:31	75.8	80.0	65.0	OFF	75.9	69.7	73.4	85.0	35.0	OFF	93.6	72.8	317	DRY	420	317	9.18	1000	10.06	8.2	OFF	OFF	88.0	77.0	OFF	66.0
19-05-09 09:00:50	75.8	80.0	65.0	OFF	75.9	69.7	73.3	85.0	35.0	OFF	93.6	72.8	316	DRY	420	316	9.28	1000	10.06	8.2	OFF	OFF	88.0	77.0	OFF	66.0
19-05-09 09:15:09	76.0	80.0	65.0	OFF	76.0	69.7	75.5	85.0	35.0	OFF	93.6	70.5	544	PERFECT	559	314	9.86	1000	10.06	8.2	OFF	OFF	88.0	77.0	OFF	66.0
19-05-09 09:15:28	76.0	80.0	65.0	OFF	76.0	69.7	75.7	85.0	35.0	OFF	93.6	70.5	544	PERFECT	559	314	10.06	1000	10.06	8.2	OFF	OFF	88.0	77.0	OFF	66.0
19-05-09 09:15:47	76.1	80.0	65.0	OFF	76.1	69.7	75.9	85.0	35.0	OFF	93.6	70.5	543	PERFECT	559	314	10.06	1000	10.06	8.2	OFF	OFF	88.0	77.0	OFF	66.0
19-05-09 09:30:04	77.2	80.0	65.0	OFF	77.2	69.7	79.9	85.0	35.0	OFF	93.6	70.5	569	PERFECT	578	314	11.04	1000	11.13	8.2	OFF	OFF	88.0	77.0	OFF	66.0
19-05-09 09:30:23	77.2	80.0	65.0	OFF	77.2	69.7	80.0	85.0	35.0	OFF	93.6	70.5	570	PERFECT	578	314	10.94	1000	11.13	8.2	OFF	OFF	88.0	77.0	OFF	66.0
19-05-09 09:30:42	77.2	80.0	65.0	OFF	77.2	69.7	80.0	85.0	35.0	OFF	93.6	70.5	575	PERFECT	578	314	10.94	1000	11.13	8.2	OFF	OFF	88.0	77.0	OFF	66.0
19-05-09 09:45:18	77.7	80.0	65.0	OFF	77.7	69.7	82.2	85.0	35.0	OFF	93.6	70.5	580	PERFECT	583	314	11.62	1000	11.72	8.2	OFF	OFF	88.0	77.0	OFF	66.0
19-05-09 09:45:37	77.7	80.0	65.0	OFF	77.7	69.7	82.2	85.0	35.0	OFF	93.6	70.5	578	PERFECT	583	314	11.62	1000	11.72	8.2	OFF	OFF	88.0	77.0	OFF	66.0
19-05-09 09:45:56	77.7	80.0	65.0	OFF	77.7	69.7	82.2	85.0	35.0	OFF	93.6	70.5	577	PERFECT	583	314	11.62	1000	11.72	8.2	OFF	OFF	88.0	77.0	OFF	66.0
19-05-09 10:00:13	78.1	80.0	65.0	OFF	78.1	69.7	83.6	85.0	35.0	OFF	93.6	70.5	581	PERFECT	586	314	12.21	1000	12.3	8.2	OFF	OFF	88.0	77.0	OFF	66.0
19-05-09 10:00:33	78.0	80.0	65.0	OFF	78.1	69.7	83.6	85.0	35.0	OFF	93.6	70.5	582	PERFECT	586	314	12.4	1000	12.4	8.2	OFF	OFF	88.0	77.0	OFF	66.0
19-05-09 10:00:52	78.1	80.0	65.0	OFF	78.1	69.7	83.6	85.0	35.0	OFF	93.6	70.5	587	PERFECT	587	314	12.21	1000	12.4	8.2	OFF	OFF	88.0	77.0	OFF	66.0
19-05-09 10:15:09	78.3	80.0	65.0	OFF	78.3	69.7	84.5	85.0	35.0	OFF	93.6	70.5	583	PERFECT	590	314	12.6	1000	12.6	8.2	OFF	OFF	88.0	77.0	OFF	66.0
19-05-09 10:15:28	78.3	80.0	65.0	OFF	78.3	69.7	84.5	85.0	35.0	OFF	93.6	70.5	586	PERFECT	590	314	12.4	1000	12.6	8.2	OFF	OFF	88.0	77.0	OFF	66.0
19-05-09 10:15:47	78.3	80.0	65.0	OFF	78.3	69.7	84.5	85.0	35.0	OFF	93.6	70.5	584	PERFECT	590	314	12.5	1000	12.6	8.2	OFF	OFF	88.0	77.0	OFF	66.0
19-05-09 10:30:04	78.4	80.0	65.0	OFF	78.5	69.7	85.1	85.0	35.0	ON	93.6	70.5	586	PERFECT	590	314	12.5	1000	12.99	8.2	OFF	OFF	88.0	77.0	OFF	66.0
19-05-09 10:30:23	78.5	80.0	65.0	OFF	78.5	69.7	85.2	85.0	35.0	ON	93.6	70.5	584	PERFECT	590	314	12.79	1000	12.99	8.2	OFF	OFF	88.0	77.0	OFF	66.0
19-05-09 10:30:42	78.4	80.0	65.0	OFF	78.5	69.7	85.2	85.0	35.0	ON	93.6	70.5	586	PERFECT	590	314	12.6	1000	12.99	8.2	OFF	OFF	88.0	77.0	OFF	66.0
19-05-09 10:45:19	78.6	80.0	65.0	OFF	78.7	69.7	85.8	85.0	35.0	ON	93.6	70.5	586	PERFECT	591	314	12.79	1000	12.99	8.2	OFF	OFF	88.0	77.0	OFF	66.0
19-05-09 10:45:38	78.6	80.0	65.0	OFF	78.7	69.7	85.8	85.0	35.0	ON	93.6	70.5	585	PERFECT	591	314	12.89	1000	12.99	8.2	OFF	OFF	88.0	77.0	OFF	66.0
19-05-09 10:45:57	78.6	80.0	65.0	OFF	78.7	69.7	85.8	85.0	35.0	ON	93.6	70.5	588	PERFECT	591	314	12.89	1000	12.99	8.2	OFF	OFF	88.0	77.0	OFF	66.0
19-05-09 11:00:16	78.8	80.0	65.0	OFF	78.8	69.7	86.2	85.0	35.0	ON	93.6	70.5	588	PERFECT	595	314	12.99	1000	13.38	8.2	OFF	OFF	88.0	77.0	OFF	66.0
19-05-09 11:00:35	78.8	80.0	65.0	OFF	78.8	69.7	86.2	85.0	35.0	ON	93.6	70.5	584	PERFECT	595	314	12.99	1000	13.38	8.2	OFF	OFF	88.0	77.0	OFF	66.0
19-05-09 11:00:54	78.8	80.0	65.0	OFF	78.8	69.7	86.2	85.0	35.0	ON	93.6	70.5	589	PERFECT	595	314	12.99	1000	13.38	8.2	OFF	OFF	88.0	77.0	OFF	66.0
19-05-09 11:15:14	78.9	80.0	65.0	OFF	78.9	69.7	86.5	85.0	35.0	ON	93.6	70.5	585	PERFECT	595	314	13.18	1000	13.48	8.2	OFF	OFF	88.0	77.0	OFF	66.0
19-05-09 11:15:33	78.9	80.0	65.0	OFF	78.9	69.7	86.5	85.0	35.0	ON	93.6	70.5	585	PERFECT	595	314	13.48	1000	13.48	8.2	OFF	OFF	88.0	77.0	OFF	66.0
19-05-09 11:15:52	78.9	80.0	65.0	OFF	78.9	69.7	86.5	85.0	35.0	ON	93.6	70.5	586	PERFECT	595	314	13.18	1000	13.48	8.2	OFF	OFF	88.0	77.0	OFF	66.0
19-05-09 11:30:11	79.0	80.0	65.0	OFF	79.1	69.7	86.7	85.0	35.0	ON	93.6	70.5	589	PERFECT	595	314	13.18	1000	13.48	8.2	OFF	OFF	88.0	77.0	OFF	66.0
19-05-09 11:30:31	79.0	80.0	65.0	OFF	79.1	69.7	86.7	85.0	35.0	ON	93.6	70.5	583	PERFECT	595	314	13.38	1000	13.48	8.2	OFF	OFF	88.0	77.0	OFF	66.0
19-05-09 11:30:50	79.0	80.0	65.0	OFF	79.1	69.7	86.7	85.0	35.0	ON	93.6	70.5	584	PERFECT	595	314	13.38	1000	13.48	8.2	OFF	OFF	88.0	77.0	OFF	66.0
19-05-09 11:45:09	79.2	80.0	65.0	OFF	79.2	69.7	87.0	85.0	35.0	ON	93.6	70.5	581	PERFECT	595	314	13.67	1000	13.67	8.2	OFF	OFF	88.0	77.0	OFF	66.0
19-05-09 11:45:28	79.1	80.0	65.0	OFF	79.2	69.7	86.9	85.0	35.0	ON	93.6	70.5	582	PERFECT	595	314	13.38	1000	13.67	8.2	OFF	OFF	88.0	77.0	OFF	66.0
19-05-09 11:45:47	79.2	80.0	65.0	OFF	79.2	69.7	87.0	85.0	35.0	ON	93.6	70.5	586	PERFECT	595	314	13.57	1000	13.67	8.2	OFF	OFF	88.0	77.0	OFF	66.0
19-05-09 12:00:07	79.2	80.0	65.0	OFF	79.3	69.7	87.0	85.0	35.0	ON	93.6	70.5	582	PERFECT	595	314	13.77	1000	13.77	8.2	OFF	OFF	88.0	77.0	OFF	66.0
19-05-09 12:00:26	79.2	80.0	65.0	OFF	79.3	69.7	87.1	85.0	35.0	ON	93.6	70.5	574	PERFECT	595	314	13.57	1000	13.77	8.2	OFF	OFF	88.0	77.0	OFF	66.0
19-05-09 12:00:45	79.3	80.0	65.0	OFF	79.3	69.7	87.1	85.0	35.0	ON	93.6	70.5	581	PERFECT	595	314	13.57	1000	13.77	8.2	OFF	OFF	88.0	77.0	OFF	66.0
19-05-09 12:15:04	79.4	80.0	65.0	OFF	79.4	69.7	87.3	85.0	35.0	ON	93.6	70.5	581	PERFECT	595	314	13.67	1000	13.87	8.2	OFF	OFF	88.0	77.0	OFF	66.0
19-05-09 12:15:23	79.3	80.0	65.0	OFF	79.4	69.7	87.2	85.0	35.0	ON	93.6	70.5	580	PERFECT	595	314	13.77	1000	13.87	8.2	OFF	OFF	88.0	77.0	OFF	66.0
19-05-09 12:15:42	79.3	80.0	65.0	OFF	79.4	69.7	87.2	85.0	35.0	ON	93.6	70.5	579	PERFECT	595	314	13.57	1000	13.87	8.2	OFF	OFF	88.0	77.0	OFF	66.0
19-05-09 12:30:02	79.4	80.0	65.0	OFF	79.4	69.7	87.4	85.0	35.0	ON	93.6	70.5	578	PERFECT	595	314	13.57	1000	13.96	8.2	OFF	OFF	88.0	77.0	OFF	66.0
19-05-09 12:30:21	79.3	80.0	65.0	OFF	79.4	69.7	87.3	85.0	35.0	ON	93.6	70.5	577	PERFECT	595	314	13.77	1000	13.96	8.2	OFF	OFF	88.0	77.0	OFF	66.0
19-05-09 12:30:40	79.4	80.0	65.0	OFF	79.4	69.7	87.4	85.0	35.0	ON	93.6	70.5	579	PERFECT	595	314	13.67	1000	13.96	8.2	OFF	OFF	88.0	77.0	OFF	66.0
19-05-09 12:30:59	79.4	80.0	65.0	OFF	79.4	69.7	87.4	85.0	35.0	ON	93.6	70.5	577	PERFECT	595	314	13.77	1000	13.96	8.2	OFF	OFF	88.0	77.0	OFF	66.0
19-05-09 12:45:00	79.4	80.0	65.0	OFF	79.5	69.7	87.4	85.0	35.0	ON	93.6	70.5	577	PERFECT	595	314	13.87	1000	13.96	8.2	OFF	OFF	88.0	77.0	OFF	66.0
19-05-09 12:45:19	79.5	80.0	65.0	OFF	79.5	69.7	87.5	85.0	35.0	ON	93.6	70.5	583	PERFECT	595	314	13.77	1000	13.96	8.2	OFF	OFF	88.0	77.0	OFF	66.0
19-05-09 12:45:38	79.6	80.0	65.0	OFF	79.6	69.7	87.5	85.0	35.0	ON	93.6	70.5	577	PERFECT	595	314	13.77	1000	13.96	8.2	OFF	OFF	88.0	77.0	OFF	66.0
19-05-09 12:45:57	79.5	80.0	65.0	OFF	79.6	69.7	87.4	85.0	35.0	ON	93.6	70.5	575	PERFECT	595	314	13.77	1000	13.96	8.2	OFF	OFF	88.0	77.0	OFF	66.0
19-05-09 13:00:16	79.5	80.0	65.0	OFF	79.6	69.7	87.5	85.0	35.0	ON	93.6	70.5	576	PERFECT	595	314	13.77	1000	14.26	8.2	OFF	OFF	88.0	77.0	OFF	66.0
19-05-09 13:00:35	79.5	80.0	65.0	OFF	79.6	69.7	87.5	85.0	35.0	ON	93.6	70.5	574	PERFECT	595	314	13.96	1000	14.26	8.2	OFF	OFF	88.0	77.0	OFF	66.0
19-05-09 13:00:54	79.5	80.0	65.0	OFF	79.6	69.7	87.5	85.0	35.0	ON	93.6	70.5	574	PERFECT	595	314	13.87	1000	14.26	8.2	OFF	OFF	88.0	77.0	OFF	66.0
19-05-09 13:15:14	79.6	80.0	65.0	OFF	79.6	69.7	87.6	85.0	35.0	ON	93.6	70.5	572	PERFECT	595	314	13.77	1000	14.36	8.2	OFF	OFF	88.0	77.0	OFF	66.0
19-05-09 13:15:33	79.6	80.0	65.0	OFF	79.6	69.7	87.6	85.0	35.0	ON	93.6	70.5	571	PERFECT	595	314	13.87	1000	14.36	8.2	OFF	OFF	88.0	77.0	OFF	66.0
19-05-09 13:15:52	79.6	80.0	65.0	OFF	79.6	69.7	87.6	85.0	35.0	ON	93.6	70.5	573	PERFECT	595	314	13.96	1000	14.36	8.2	OFF	OFF	88.0	77.0	OFF	66.0
19-05-09 13:30:12	79.6	80.0	65.0	OFF	79.7	69.7	87.6	85.0	35.0	ON	93.6	70.5	571	PERFECT	595	314	13.96	1000	14.36	8.2	OFF	OFF	88.0	77.0	OFF	66.0
19-05-09 13:30:31	79.6	80.0	65.0	OFF	79.7	69.7	87.6	85.0	35.0	ON	93.6	70.5	572	PERFECT	595	314	13.87	1000	14.36	8.2	OFF	OFF	88.0	77.0	OFF	66.0
19-05-09 13:30:50	79.6	80.0	65.0	OFF	79.7	69.7	87.6	85.0	35.0	ON	93.6	70.5	570	PERFECT	595	314	13.96	1000	14.36	8.2	OFF	OFF	88.0	77.0	OFF	66.0
19-05-09 13:45:10	79.7	80.0	65.0	OFF	79.7	69.7	87.7	85.0	35.0	ON	93.6	70.5	568	PERFECT	595	314	13.96	1000	14.36	8.2	OFF	OFF	88.0	77.0	OFF	66.0
19-05-09 13:45:29	79.6	80.0	65.0	OFF	79.7	69.7	87.6	85.0	35.0	ON	93.6	70.5	569	PERFECT	595	314	13.96	1000	14.36	8.2	OFF	OFF	88.0	77.0	OFF	66.0
19-05-09 13:45:48	79.6	80.0	65.0	OFF	79.7	69.7	87.6	85.0	35.0	ON	93.6	70.5	569	PERFECT	595	314	13.96	1000	14.36	8.2	OFF	OFF	88.0	77.0	OFF	66.0
19-05-09 14:00:07	79.7	80.0	65.0	OFF	79.8	69.7	87.6	85.0	35.0	ON	93.6	70.5	564	PERFECT	595	314	13.96	1000	14.36	8.2	OFF	OFF	88.0	77.0	OFF	66.0
19-05-09 14:00:26	79.7	80.0	65.0	OFF	79.8	69.7	87.6	85.0	35.0	ON	93.6	70.5	567	PERFECT	595	314	14.06	1000	14.36	8.2	OFF	OFF	88.0	77.0	OFF	66.0
19-05-09 14:00:45	79.7	80.0	65.0	OFF	79.8	69.7	87.6	85.0	35.0	ON	93.6	70.5	564	PERFECT	595	314	13.96	1000	14.36	8.2	OFF	OFF	88.0	77.0	OFF	66.0
19-05-09 14:15:05	79.8	80.0	65.0	OFF	79.8	69.7	87.6	85.0	35.0	ON	93.6	70.5	566	PERFECT	595	314	13.96	1000	14.55	8.2	OFF	OFF	88.0	77.0	OFF	66.0
19-05-09 14:15:24	79.7	80.0	65.0	OFF	79.8	69.7	87.6	85.0	35.0	ON	93.6	70.5	564	PERFECT	595	314	13.96	1000	14.55	8.2	OFF	OFF	88.0	77.0	OFF	66.0
19-05-09 14:15:43	79.7	80.0	65.0	OFF	79.8	69.7	87.6	85.0	35.0	ON	93.6	70.5	564	PERFECT	595	314	13.96	1000	14.55	8.2	OFF	OFF	88.0	77.0	OFF	66.0
19-05-09 14:30:02	79.8	80.0	65.0	OFF	79.8	69.7	87.6	85.0	35.0	ON	93.6	70.5	558	PERFECT	595	314	14.06	1000	14.55	8.2	OFF	OFF	88.0	77.0	OFF	66.0
19-05-09 14:30:21	79.8	80.0	65.0	OFF	79.8	69.7	87.6	85.0	35.0	ON	93.6	70.5	558	PERFECT	595	314	14.06	1000	14.55	8.2	OFF	OFF	88.0	77.0	OFF	66.0
19-05-09 14:30:41	79.8	80.0	65.0	OFF	79.8	69.7	87.6	85.0	35.0	ON	93.6	70.5	561	PERFECT	595	314	13.96	1000	14.55	8.2	OFF	OFF	88.0	77.0	OFF	66.0
19-05-09 14:45:00	79.7	80.0	65.0	OFF	79.8	69.7	87.6	85.0	35.0	ON	93.6	70.5	557	PERFECT	595	314	13.96	1000	14.55	8.2	OFF	OFF	88.0	77.0	OFF	66.0
19-05-09 14:45:19	79.8	80.0	65.0	OFF	79.8	69.7	87.7	85.0	35.0	ON	93.6	70.5	562	PERFECT	595	314	13.96	1000	14.55	8.2	OFF	OFF	88.0	77.0	OFF	66.0
19-05-09 14:45:38	79.8	80.0	65.0	OFF	79.8	69.7	87.7	85.0	35.0	ON	93.6	70.5	561	PERFECT	595	314	13.96	1000	14.55	8.2	OFF	OFF	88.0	77.0	OFF	66.0
19-05-09 14:45:57	79.8	80.0	65.0	OFF	79.8	69.7	87.7	85.0	35.0	ON	93.6	70.5	561	PERFECT	595	314	13.96	1000	14.55	8.2	OFF	OFF	88.0	77.0	OFF	66.0
19-05-09 15:00:17	79.7	80.0	65.0	OFF	79.8	69.7	87.6	85.0	35.0	ON	93.6	70.5	554	PERFECT	595	314	14.06	1000	14.55	8.2	OFF	OFF	88.0	77.0	OFF	66.0
19-05-09 15:00:36	79.7	80.0	65.0	OFF	79.8	69.7	87.6	85.0	35.0	ON	93.6	70.5	553	PERFECT	595	314	14.16	1000	14.55	8.2	OFF	OFF	88.0	77.0	OFF	66.0
19-05-09 15:00:55	79.8	80.0	65.0	OFF	79.8	69.7	87.7	85.0	35.0	ON	93.6	70.5	554	PERFECT	595	314	13.96	1000	14.55	8.2	OFF	OFF	88.0	77.0	OFF	66.0
19-05-09 15:15:14	79.8	80.0	65.0	OFF	79.8	69.7	87.6	85.0	35.0	ON	93.6	70.5	552	PERFECT	595	314	13.87	1000	14.55	8.2	OFF	OFF	88.0	77.0	OFF	66.0
19-05-09 15:15:34	79.8	80.0	65.0	OFF	79.8	69.7	87.6	85.0	35.0	ON	93.6	70.5	554	PERFECT	595	314	13.87	1000	14.55	8.2	OFF	OFF	88.0	77.0	OFF	66.0
19-05-09 15:15:53	79.7	80.0	65.0	OFF	79.8	69.7	87.5	85.0	35.0	ON	93.6	70.5	552	PERFECT	595	314	13.96	1000	14.55	8.2	OFF	OFF	88.0	77.0	OFF	66.0
19-05-09 15:30:12	79.7	80.0	65.0	OFF	79.8	69.7	87.7	85.0	35.0	ON	93.6	70.5	549	PERFECT	595	314	13.96	1000	14.55	8.2	OFF	OFF	88.0	77.0	OFF	66.0
19-05-09 15:30:31	79.7	80.0	65.0	OFF	79.8	69.7	87.6	85.0	35.0	ON	93.6	70.5	547	PERFECT	595	314	13.96	1000	14.55	8.2	OFF	OFF	88.0	77.0	OFF	66.0
19-05-09 15:30:50	79.6	80.0	65.0	OFF	79.8	69.7	87.5	85.0	35.0	ON	93.6	70.5	550	PERFECT	595	314	13.77	1000	14.55	8.2	OFF	OFF	88.0	77.0	OFF	66.0
19-05-09 15:45:10	79.6	80.0	65.0	OFF	79.8	69.7	87.6	85.0	35.0	ON	93.6	70.5	546	PERFECT	595	314	13.67	1000	14.55	8.2	OFF	OFF	88.0	77.0	OFF	66.0
19-05-09 15:45:29	79.6	80.0	65.0	OFF	79.8	69.7	87.6	85.0	35.0	ON	93.6	70.5	547	PERFECT	595	314	13.87	1000	14.55	8.2	OFF	OFF	88.0	77.0	OFF	66.0
19-05-09 15:45:48	79.6	80.0	65.0	OFF	79.8	69.7	87.6	85.0	35.0	ON	93.6	70.5	546	PERFECT	595	314	13.77	1000	14.55	8.2	OFF	OFF	88.0	77.0	OFF	66.0
19-05-09 16:00:07	79.6	80.0	65.0	OFF	79.8	69.7	87.6	85.0	35.0	ON	93.6	70.5	542	PERFECT	595	314	13.77	1000	14.55	8.2	OFF	OFF	88.0	77.0	OFF	66.0
19-05-09 16:00:27	79.6	80.0	65.0	OFF	79.8	69.7	87.6	85.0	35.0	ON	93.6	70.5	544	PERFECT	595	314	13.67	1000	14.55	8.2	OFF	OFF	88.0	77.0	OFF	66.0
19-05-09 16:00:46	79.5	80.0	65.0	OFF	79.8	69.7	87.5	85.0	35.0	ON	93.6	70.5	544	PERFECT	595	314	13.87	1000	14.55	8.2	OFF	OFF	88.0	77.0	OFF	66.0
19-05-09 16:15:05	79.5	80.0	65.0	OFF	79.8	69.7	87.4	85.0	35.0	ON	93.6	70.5	539	PERFECT	595	314	13.67	1000	14.55	8.2	OFF	OFF	88.0	77.0	OFF	66.0
19-05-09 16:15:24	79.5	80.0	65.0	OFF	79.8	69.7	87.4	85.0	35.0	ON	93.6	70.5	542	PERFECT	595	314	13.77	1000	14.55	8.2	OFF	OFF	88.0	77.0	OFF	66.0
19-05-09 16:15:43	79.5	80.0	65.0	OFF	79.8	69.7	87.4	85.0	35.0	ON	93.6	70.5	541	PERFECT	595	314	13.67	1000	14.55	8.2	OFF	OFF	88.0	77.0	OFF	66.0
19-05-09 16:30:03	79.4	80.0	65.0	OFF	79.8	69.7	87.5	85.0	35.0	ON	93.6	70.5	540	PERFECT	595	314	13.67	1000	14.55	8.2	OFF	OFF	88.0	77.0	OFF	66.0
19-05-09 16:30:22	79.4	80.0	65.0	OFF	79.8	69.7	87.5	85.0	35.0	ON	93.6	70.5	537	PERFECT	595	314	13.48	1000	14.55	8.2	OFF	OFF	88.0	77.0	OFF	66.0
19-05-09 16:30:41	79.3	80.0	65.0	OFF	79.8	69.7	87.4	85.0	35.0	ON	93.6	70.5	544	PERFECT	595	314	13.57	1000	14.55	8.2	OFF	OFF	88.0	77.0	OFF	66.0
19-05-09 16:45:00	79.2	80.0	65.0	OFF	79.8	69.7	87.3	85.0	35.0	ON	93.6	70.5	537	PERFECT	595	314	13.38	1000	14.55	8.2	OFF	OFF	88.0	77.0	OFF	66.0
19-05-09 16:45:20	79.3	80.0	65.0	OFF	79.8	69.7	87.3	85.0	35.0	ON	93.6	70.5	534	PERFECT	595	314	13.38	1000	14.55	8.2	OFF	OFF	88.0	77.0	OFF	66.0
19-05-09 16:45:39	79.2	80.0	65.0	OFF	79.8	69.7	87.3	85.0	35.0	ON	93.6	70.5	539	PERFECT	595	314	13.38	1000	14.55	8.2	OFF	OFF	88.0	77.0	OFF	66.0
19-05-09 16:45:58	79.2	80.0	65.0	OFF	79.8	69.7	87.3	85.0	35.0	ON	93.6	70.5	536	PERFECT	595	314	13.57	1000	14.55	8.2	OFF	OFF	88.0	77.0	OFF	66.0
19-05-09 17:00:17	79.1	80.0	65.0	OFF	79.8	69.7	87.1	85.0	35.0	ON	93.6	70.5	534	PERFECT	595	314	13.38	1000	14.55	8.2	OFF	OFF	88.0	77.0	OFF	66.0
19-05-09 17:00:36	79.1	80.0	65.0	OFF	79.8	69.7	87.1	85.0	35.0	ON	93.6	70.5	538	PERFECT	595	314	13.38	1000	14.55	8.2	OFF	OFF	88.0	77.0	OFF	66.0
19-05-09 17:00:55	79.1	80.0	65.0	OFF	79.8	69.7	87.1	85.0	35.0	ON	93.6	70.5	535	PERFECT	595	314	13.18	1000	14.55	8.2	OFF	OFF	88.0	77.0	OFF	66.0
19-05-09 17:15:15	79.0	80.0	65.0	OFF	79.8	69.7	87.0	85.0	35.0	ON	93.6	70.5	531	PERFECT	595	314	13.18	1000	14.55	8.2	OFF	OFF	88.0	77.0	OFF	66.0
19-05-09 17:15:34	79.0	80.0	65.0	OFF	79.8	69.7	87.0	85.0	35.0	ON	93.6	70.5	532	PERFECT	595	314	13.18	1000	14.55	8.2	OFF	OFF	88.0	77.0	OFF	66.0
19-05-09 17:15:53	79.0	80.0	65.0	OFF	79.8	69.7	87.0	85.0	35.0	ON	93.6	70.5	532	PERFECT	595	314	13.18	1000	14.55	8.2	OFF	OFF	88.0	77.0	OFF	66.0
19-05-09 17:30:12	78.9	80.0	65.0	OFF	79.8	69.7	86.7	85.0	35.0	ON	93.6	70.5	530	PERFECT	595	314	13.18	1000	14.55	8.2	OFF	OFF	88.0	77.0	OFF	66.0
19-05-09 17:30:32	78.9	80.0	65.0	OFF	79.8	69.7	86.7	85.0	35.0	ON	93.6	70.5	530	PERFECT	595	314	13.09	1000	14.55	8.2	OFF	OFF	88.0	77.0	OFF	66.0
19-05-09 17:30:51	78.9	80.0	65.0	OFF	79.8	69.7	86.7	85.0	35.0	ON	93.6	70.5	530	PERFECT	595	314	13.18	1000	14.55	8.2	OFF	OFF	88.0	77.0	OFF	66.0
19-05-09 17:45:10	78.8	80.0	65.0	OFF	79.8	69.7	86.7	85.0	35.0	ON	93.6	70.5	526	PERFECT	595	314	12.99	1000	14.55	8.2	OFF	OFF	88.0	77.0	OFF	66.0
19-05-09 17:45:29	78.8	80.0	65.0	OFF	79.8	69.7	86.7	85.0	35.0	ON	93.6	70.5	527	PERFECT	595	314	13.09	1000	14.55	8.2	OFF	OFF	88.0	77.0	OFF	66.0
19-05-09 17:45:48	78.8	80.0	65.0	OFF	79.8	69.7	86.7	85.0	35.0	ON	93.6	70.5	527	PERFECT	595	314	12.99	1000	14.55	8.2	OFF	OFF	88.0	77.0	OFF	66.0
19-05-09 18:00:08	78.7	80.0	65.0	OFF	79.8	69.7	86.5	85.0	35.0	ON	93.6	70.5	526	PERFECT	595	314	12.89	1000	14.55	8.2	OFF	OFF	88.0	77.0	OFF	66.0
19-05-09 18:00:27	78.7	80.0	65.0	OFF	79.8	69.7	86.5	85.0	35.0	ON	93.6	70.5	525	PERFECT	595	314	12.99	1000	14.55	8.2	OFF	OFF	88.0	77.0	OFF	66.0
19-05-09 18:00:46	78.7	80.0	65.0	OFF	79.8	69.7	86.5	85.0	35.0	ON	93.6	70.5	524	PERFECT	595	314	12.89	1000	14.55	8.2	OFF	OFF	88.0	77.0	OFF	66.0
19-05-09 18:15:05	78.7	80.0	65.0	OFF	79.8	69.7	86.3	85.0	35.0	ON	93.6	70.5	520	PERFECT	595	314	12.89	1000	14.55	8.2	OFF	OFF	88.0	77.0	OFF	66.0
19-05-09 18:15:24	78.7	80.0	65.0	OFF	79.8	69.7	86.3	85.0	35.0	ON	93.6	70.5	520	PERFECT	595	314	12.79	1000	14.55	8.2	OFF	OFF	88.0	77.0	OFF	66.0
19-05-09 18:15:43	78.6	80.0	65.0	OFF	79.8	69.7	86.2	85.0	35.0	ON	93.6	70.5	521	PERFECT	595	314	12.89	1000	14.55	8.2	OFF	OFF	88.0	77.0	OFF	66.0
19-05-09 18:30:03	78.6	80.0	65.0	OFF	79.8	69.7	86.2	85.0	35.0	ON	93.6	70.5	523	PERFECT	595	314	12.7	1000	14.55	8.2	OFF	OFF	88.0	77.0	OFF	66.0
19-05-09 18:30:22	78.5	80.0	65.0	OFF	79.8	69.7	86.1	85.0	35.0	ON	93.6	70.5	518	PERFECT	595	314	12.7	1000	14.55	8.2	OFF	OFF	88.0	77.0	OFF	66.0
19-05-09 18:30:41	78.5	80.0	65.0	OFF	79.8	69.7	86.1	85.0	35.0	ON	93.6	70.5	515	PERFECT	595	314	12.6	1000	14.55	8.2	OFF	OFF	88.0	77.0	OFF	66.0
19-05-09 18:45:01	78.4	80.0	65.0	OFF	79.8	69.7	86.1	85.0	35.0	ON	93.6	70.5	515	PERFECT	595	314	12.7	1000	14.55	8.2	OFF	OFF	88.0	77.0	OFF	66.0
19-05-09 18:45:20	78.4	80.0	65.0	OFF	79.8	69.7	86.1	85.0	35.0	ON	93.6	70.5	516	PERFECT	595	314	12.7	1000	14.55	8.2	OFF	OFF	88.0	77.0	OFF	66.0
19-05-09 18:45:39	78.4	80.0	65.0	OFF	79.8	69.7	86.1	85.0	35.0	ON	93.6	70.5	516	PERFECT	595	314	12.7	1000	14.55	8.2	OFF	OFF	88.0	77.0	OFF	66.0
19-05-09 18:45:58	78.4	80.0	65.0	OFF	79.8	69.7	86.1	85.0	35.0	ON	93.6	70.5	517	PERFECT	595	314	12.79	1000	14.55	8.2	OFF	OFF	88.0	77.0	OFF	66.0
19-05-09 19:00:17	78.3	80.0	65.0	OFF	79.8	69.7	86.1	85.0	35.0	ON	93.6	70.5	512	PERFECT	595	314	12.6	1000	14.55	8.2	OFF	OFF	88.0	77.0	OFF	66.0
19-05-09 19:00:36	78.3	80.0	65.0	OFF	79.8	69.7	86.1	85.0	35.0	ON	93.6	70.5	510	PERFECT	595	314	12.6	1000	14.55	8.2	OFF	OFF	88.0	77.0	OFF	66.0
19-05-09 19:00:56	78.3	80.0	65.0	OFF	79.8	69.7	86.1	85.0	35.0	ON	93.6	70.5	510	PERFECT	595	314	12.5	1000	14.55	8.2	OFF	OFF	88.0	77.0	OFF	66.0
19-05-09 19:15:15	78.1	80.0	65.0	OFF	79.8	69.7	86.0	85.0	35.0	ON	93.6	70.5	509	PERFECT	595	314	12.6	1000	14.55	8.2	OFF	OFF	88.0	77.0	OFF	66.0
19-05-09 19:15:34	78.1	80.0	65.0	OFF	79.8	69.7	86.0	85.0	35.0	ON	93.6	70.5	511	PERFECT	595	314	12.21	1000	14.55	8.2	OFF	OFF	88.0	77.0	OFF	66.0
19-05-09 19:15:53	78.1	80.0	65.0	OFF	79.8	69.7	86.0	85.0	35.0	ON	93.6	70.5	511	PERFECT	595	314	12.6	1000	14.55	8.2	OFF	OFF	88.0	77.0	OFF	66.0
19-05-09 19:30:13	78.1	80.0	65.0	OFF	79.8	69.7	85.8	85.0	35.0	ON	93.6	70.5	507	PERFECT	595	314	12.79	1000	14.55	8.2	OFF	OFF	88.0	77.0	OFF	66.0
19-05-09 19:30:32	78.2	80.0	65.0	OFF	79.8	69.7	85.9	85.0	35.0	ON	93.6	70.5	507	PERFECT	595	314	12.79	1000	14.55	8.2	OFF	OFF	88.0	77.0	OFF	66.0
19-05-09 19:30:51	78.1	80.0	65.0	OFF	79.8	69.7	85.8	85.0	35.0	ON	93.6	70.5	504	PERFECT	595	314	12.79	1000	14.55	8.2	OFF	OFF	88.0	77.0	OFF	66.0
19-05-09 19:45:10	78.3	80.0	65.0	OFF	79.8	69.7	85.6	85.0	35.0	ON	93.6	70.5	504	PERFECT	595	314	13.09	1000	14.55	8.2	OFF	OFF	88.0	77.0	OFF	66.0
19-05-09 19:45:29	78.2	80.0	65.0	OFF	79.8	69.7	85.6	85.0	35.0	ON	93.6	70.5	504	PERFECT	595	314	12.99	1000	14.55	8.2	OFF	OFF	88.0	77.0	OFF	66.0
19-05-09 19:45:48	78.2	80.0	65.0	OFF	79.8	69.7	85.6	85.0	35.0	ON	93.6	70.5	504	PERFECT	595	314	13.09	1000	14.55	8.2	OFF	OFF	88.0	77.0	OFF	66.0
19-05-09 20:00:08	78.3	80.0	65.0	OFF	79.8	69.7	85.3	85.0	35.0	ON	93.6	70.5	504	PERFECT	595	314	13.18	1000	14.55	8.2	OFF	OFF	88.0	77.0	OFF	66.0
19-05-09 20:00:27	78.3	80.0	65.0	OFF	79.8	69.7	85.3	85.0	35.0	ON	93.6	70.5	501	PERFECT	595	314	13.09	1000	14.55	8.2	OFF	OFF	88.0	77.0	OFF	66.0
19-05-09 20:00:46	78.3	80.0	65.0	OFF	79.8	69.7	85.3	85.0	35.0	ON	93.6	70.5	504	PERFECT	595	314	13.28	1000	14.55	8.2	OFF	OFF	88.0	77.0	OFF	66.0
19-05-09 20:15:06	78.5	80.0	65.0	OFF	79.8	69.7	85.1	85.0	35.0	ON	93.6	70.5	498	PERFECT	595	314	13.48	1000	14.55	8.2	OFF	OFF	88.0	77.0	OFF	66.0
19-05-09 20:15:25	78.5	80.0	65.0	OFF	79.8	69.7	85.1	85.0	35.0	ON	93.6	70.5	497	PERFECT	595	314	13.38	1000	14.55	8.2	OFF	OFF	88.0	77.0	OFF	66.0
19-05-09 20:15:44	78.4	80.0	65.0	OFF	79.8	69.7	85.0	85.0	35.0	ON	93.6	70.5	495	PERFECT	595	314	13.38	1000	14.55	8.2	OFF	OFF	88.0	77.0	OFF	66.0
19-05-09 20:30:03	78.5	80.0	65.0	OFF	79.8	69.7	84.9	85.0	35.0	OFF	93.6	70.5	497	PERFECT	595	314	13.77	1000	14.55	8.2	OFF	OFF	88.0	77.0	OFF	66.0
19-05-09 20:30:22	78.5	80.0	65.0	OFF	79.8	69.7	84.9	85.0	35.0	OFF	93.6	70.5	497	PERFECT	595	314	13.67	1000	14.55	8.2	OFF	OFF	88.0	77.0	OFF	66.0
19-05-09 20:30:41	78.5	80.0	65.0	OFF	79.8	69.7	84.8	85.0	35.0	OFF	93.6	70.5	497	PERFECT	595	314	13.96	1000	14.55	8.2	OFF	OFF	88.0	77.0	OFF	66.0
19-05-09 20:45:01	78.5	80.0	65.0	OFF	79.8	69.7	84.6	85.0	35.0	OFF	93.6	70.5	497	PERFECT	595	314	13.87	1000	14.55	8.2	OFF	OFF	88.0	77.0	OFF	66.0
19-05-09 20:45:20	78.5	80.0	65.0	OFF	79.8	69.7	84.6	85.0	35.0	OFF	93.6	70.5	496	PERFECT	595	314	13.87	1000	14.55	8.2	OFF	OFF	88.0	77.0	OFF	66.0
19-05-09 20:45:39	78.5	80.0	65.0	OFF	79.8	69.7	84.6	85.0	35.0	OFF	93.6	70.5	496	PERFECT	595	314	14.06	1000	14.55	8.2	OFF	OFF	88.0	77.0	OFF	66.0
19-05-09 20:45:58	78.5	80.0	65.0	OFF	79.8	69.7	84.6	85.0	35.0	OFF	93.6	70.5	497	PERFECT	595	314	13.96	1000	14.55	8.2	OFF	OFF	88.0	77.0	OFF	66.0
19-05-09 21:00:18	78.6	80.0	65.0	OFF	79.8	69.7	84.4	85.0	35.0	OFF	93.6	70.5	493	PERFECT	595	314	14.16	1000	14.55	8.2	OFF	OFF	88.0	77.0	OFF	66.0
19-05-09 21:00:37	78.6	80.0	65.0	OFF	79.8	69.7	84.3	85.0	35.0	OFF	93.6	70.5	491	PERFECT	595	314	14.16	1000	14.55	8.2	OFF	OFF	88.0	77.0	OFF	66.0
19-05-09 21:00:56	78.6	80.0	65.0	OFF	79.8	69.7	84.4	85.0	35.0	OFF	93.6	70.5	493	PERFECT	595	314	14.16	1000	14.55	8.2	OFF	OFF	88.0	77.0	OFF	66.0
19-05-09 21:15:15	77.6	80.0	65.0	OFF	79.8	69.7	73.2	85.0	35.0	OFF	93.6	62.8	490	PERFECT	595	314	17.77	1000	18.75	8.2	OFF	OFF	88.0	77.0	OFF	66.0
19-05-09 21:15:34	77.6	80.0	65.0	OFF	79.8	69.7	73.7	85.0	35.0	OFF	93.6	62.8	489	PERFECT	595	314	17.68	1000	18.75	8.2	OFF	OFF	88.0	77.0	OFF	66.0
19-05-09 21:15:53	77.7	80.0	65.0	OFF	79.8	69.7	74.3	85.0	35.0	OFF	93.6	62.8	493	PERFECT	595	314	17.77	1000	18.75	8.2	OFF	OFF	88.0	77.0	OFF	66.0
19-05-09 21:30:13	78.2	80.0	65.0	OFF	79.8	69.7	80.4	85.0	35.0	OFF	93.6	62.8	487	PERFECT	595	314	16.31	1000	18.75	8.2	OFF	OFF	88.0	77.0	OFF	66.0
19-05-09 21:30:32	78.2	80.0	65.0	OFF	79.8	69.7	80.5	85.0	35.0	OFF	93.6	62.8	487	PERFECT	595	314	16.31	1000	18.75	8.2	OFF	OFF	88.0	77.0	OFF	66.0
19-05-09 21:30:51	78.2	80.0	65.0	OFF	79.8	69.7	80.5	85.0	35.0	OFF	93.6	62.8	487	PERFECT	595	314	16.41	1000	18.75	8.2	OFF	OFF	88.0	77.0	OFF	66.0
19-05-09 21:45:09	78.1	80.0	65.0	OFF	79.8	69.7	81.9	85.0	35.0	OFF	93.6	62.8	482	PERFECT	595	314	15.92	1000	18.75	8.2	OFF	OFF	88.0	77.0	OFF	66.0
19-05-09 21:45:28	78.1	80.0	65.0	OFF	79.8	69.7	82.0	85.0	35.0	OFF	93.6	62.8	484	PERFECT	595	314	16.02	1000	18.75	8.2	OFF	OFF	88.0	77.0	OFF	66.0
19-05-09 21:45:47	78.1	80.0	65.0	OFF	79.8	69.7	82.0	85.0	35.0	OFF	93.6	62.8	484	PERFECT	595	314	16.11	1000	18.75	8.2	OFF	OFF	88.0	77.0	OFF	66.0
19-05-09 22:00:05	78.1	80.0	65.0	OFF	79.8	69.7	82.5	85.0	35.0	OFF	93.6	62.8	486	PERFECT	595	314	15.92	1000	18.75	8.2	OFF	OFF	88.0	77.0	OFF	66.0
19-05-09 22:00:24	78.1	80.0	65.0	OFF	79.8	69.7	82.5	85.0	35.0	OFF	93.6	62.8	482	PERFECT	595	314	15.92	1000	18.75	8.2	OFF	OFF	88.0	77.0	OFF	66.0
19-05-09 22:00:43	78.1	80.0	65.0	OFF	79.8	69.7	82.5	85.0	35.0	OFF	93.6	62.8	482	PERFECT	595	314	15.82	1000	18.75	8.2	OFF	OFF	88.0	77.0	OFF	66.0
19-05-09 22:15:00	78.0	80.0	65.0	OFF	79.8	69.7	82.7	85.0	35.0	OFF	93.6	62.8	478	PERFECT	595	314	15.72	1000	18.75	8.2	OFF	OFF	88.0	77.0	OFF	66.0
19-05-09 22:15:19	77.9	80.0	65.0	OFF	79.8	69.7	82.7	85.0	35.0	OFF	93.6	62.8	481	PERFECT	595	314	15.92	1000	18.75	8.2	OFF	OFF	88.0	77.0	OFF	66.0
19-05-09 22:15:38	78.0	80.0	65.0	OFF	79.8	69.7	82.8	85.0	35.0	OFF	93.6	62.8	482	PERFECT	595	314	15.72	1000	18.75	8.2	OFF	OFF	88.0	77.0	OFF	66.0
19-05-09 22:15:57	77.9	80.0	65.0	OFF	79.8	69.7	82.7	85.0	35.0	OFF	93.6	62.8	478	PERFECT	595	314	15.92	1000	18.75	8.2	OFF	OFF	88.0	77.0	OFF	66.0
19-05-09 22:30:14	77.9	80.0	65.0	OFF	79.8	69.7	83.0	85.0	35.0	OFF	93.6	62.8	475	PERFECT	595	314	15.33	1000	18.75	8.2	OFF	OFF	88.0	77.0	OFF	66.0
19-05-09 22:30:33	77.9	80.0	65.0	OFF	79.8	69.7	83.0	85.0	35.0	OFF	93.6	62.8	475	PERFECT	595	314	15.53	1000	18.75	8.2	OFF	OFF	88.0	77.0	OFF	66.0
19-05-09 22:30:52	78.0	80.0	65.0	OFF	79.8	69.7	83.1	85.0	35.0	OFF	93.6	62.8	474	PERFECT	595	314	15.72	1000	18.75	8.2	OFF	OFF	88.0	77.0	OFF	66.0
19-05-09 22:45:09	77.9	80.0	65.0	OFF	79.8	69.7	82.7	85.0	35.0	OFF	93.6	62.8	475	PERFECT	595	314	15.33	1000	18.75	8.2	OFF	OFF	88.0	77.0	OFF	66.0
19-05-09 22:45:28	77.9	80.0	65.0	OFF	79.8	69.7	82.7	85.0	35.0	OFF	93.6	62.8	471	PERFECT	595	314	15.33	1000	18.75	8.2	OFF	OFF	88.0	77.0	OFF	66.0
19-05-09 22:45:47	77.9	80.0	65.0	OFF	79.8	69.7	82.7	85.0	35.0	OFF	93.6	62.8	471	PERFECT	595	314	15.33	1000	18.75	8.2	OFF	OFF	88.0	77.0	OFF	66.0
19-05-09 23:00:05	77.9	80.0	65.0	OFF	79.8	69.7	82.4	85.0	35.0	OFF	93.6	62.8	467	PERFECT	595	314	15.33	1000	18.75	8.2	OFF	OFF	88.0	77.0	OFF	66.0
19-05-09 23:00:24	77.9	80.0	65.0	OFF	79.8	69.7	82.4	85.0	35.0	OFF	93.6	62.8	465	PERFECT	595	314	15.43	1000	18.75	8.2	OFF	OFF	88.0	77.0	OFF	66.0
19-05-09 23:00:43	77.9	80.0	65.0	OFF	79.8	69.7	82.4	85.0	35.0	OFF	93.6	62.8	467	PERFECT	595	314	15.23	1000	18.75	8.2	OFF	OFF	88.0	77.0	OFF	66.0
19-05-09 23:15:01	74.5	80.0	65.0	OFF	79.8	69.7	90.3	85.0	35.0	ON	93.6	62.8	461	PERFECT	595	314	14.55	1000	18.75	8.2	OFF	OFF	88.0	77.0	OFF	66.0
19-05-09 23:15:20	74.4	80.0	65.0	OFF	79.8	69.7	90.3	85.0	35.0	ON	93.6	62.8	463	PERFECT	595	314	14.36	1000	18.75	8.2	OFF	OFF	88.0	77.0	OFF	66.0
19-05-09 23:15:39	74.5	80.0	65.0	OFF	79.8	69.7	90.5	85.0	35.0	ON	93.6	62.8	465	PERFECT	595	314	14.55	1000	18.75	8.2	OFF	OFF	88.0	77.0	OFF	66.0
19-05-09 23:15:58	74.4	80.0	65.0	OFF	79.8	69.7	90.6	85.0	35.0	ON	93.6	62.8	463	PERFECT	595	314	14.45	1000	18.75	8.2	OFF	OFF	88.0	77.0	OFF	66.0
19-05-09 23:30:18	73.2	80.0	65.0	OFF	79.8	69.7	93.0	85.0	35.0	ON	93.6	62.8	463	PERFECT	595	314	13.77	1000	18.75	8.2	OFF	OFF	88.0	77.0	OFF	66.0
19-05-09 23:30:37	73.2	80.0	65.0	OFF	79.8	69.7	93.0	85.0	35.0	ON	93.6	62.8	462	PERFECT	595	314	13.77	1000	18.75	8.2	OFF	OFF	88.0	77.0	OFF	66.0
19-05-09 23:30:56	73.2	80.0	65.0	OFF	79.8	69.7	93.1	85.0	35.0	ON	93.6	62.8	465	PERFECT	595	314	13.96	1000	18.75	8.2	OFF	OFF	88.0	77.0	OFF	66.0
19-05-09 23:45:16	72.3	80.0	65.0	OFF	79.8	69.7	94.3	85.0	35.0	ON	94.3	62.8	462	PERFECT	595	314	13.18	1000	18.75	8.2	OFF	OFF	88.0	77.0	OFF	66.0
19-05-09 23:45:35	72.3	80.0	65.0	OFF	79.8	69.7	94.3	85.0	35.0	ON	94.3	62.8	461	PERFECT	595	314	13.18	1000	18.75	8.2	OFF	OFF	88.0	77.0	OFF	66.0
19-05-09 23:45:54	72.2	80.0	65.0	OFF	79.8	69.7	94.3	85.0	35.0	ON	94.3	62.8	463	PERFECT	595	314	13.18	1000	18.75	8.2	OFF	OFF	88.0	77.0	OFF	66.0
