19-04-11 00:00:07	65.3	80.0	65.0	OFF	69.4	62.0	60.7	85.0	35.0	OFF	76.3	55.6	443	PERFECT	494	100	7.23	1000	7.52	3.22	OFF	OFF	90.0	90.0	OFF	35.0
19-04-11 00:00:26	65.2	80.0	65.0	OFF	69.4	62.0	60.7	85.0	35.0	OFF	76.3	55.6	443	PERFECT	494	100	7.23	1000	7.52	3.22	OFF	OFF	90.0	90.0	OFF	35.0
19-04-11 00:00:45	65.3	80.0	65.0	OFF	69.4	62.0	60.7	85.0	35.0	OFF	76.3	55.6	443	PERFECT	494	100	7.32	1000	7.52	3.22	OFF	OFF	90.0	90.0	OFF	35.0
19-04-11 00:15:05	65.1	80.0	65.0	OFF	69.4	62.0	60.6	85.0	35.0	OFF	76.3	55.6	441	PERFECT	494	100	7.32	1000	7.52	3.22	OFF	OFF	90.0	90.0	OFF	35.0
19-04-11 00:15:24	65.1	80.0	65.0	OFF	69.4	62.0	60.6	85.0	35.0	OFF	76.3	55.6	441	PERFECT	494	100	7.52	1000	7.52	3.22	OFF	OFF	90.0	90.0	OFF	35.0
19-04-11 00:15:43	65.1	80.0	65.0	OFF	69.4	62.0	60.6	85.0	35.0	OFF	76.3	55.6	441	PERFECT	494	100	7.23	1000	7.52	3.22	OFF	OFF	90.0	90.0	OFF	35.0
19-04-11 00:30:02	65.0	80.0	65.0	ON	69.4	62.0	60.7	85.0	35.0	OFF	76.3	55.6	438	PERFECT	494	100	7.13	1000	7.52	3.22	OFF	OFF	90.0	90.0	OFF	35.0
19-04-11 00:30:21	65.0	80.0	65.0	ON	69.4	62.0	60.7	85.0	35.0	OFF	76.3	55.6	438	PERFECT	494	100	7.32	1000	7.52	3.22	OFF	OFF	90.0	90.0	OFF	35.0
19-04-11 00:30:40	65.0	80.0	65.0	ON	69.4	62.0	60.7	85.0	35.0	OFF	76.3	55.6	438	PERFECT	494	100	7.32	1000	7.52	3.22	OFF	OFF	90.0	90.0	OFF	35.0
19-04-11 00:45:00	64.9	80.0	65.0	ON	69.4	62.0	60.7	85.0	35.0	OFF	76.3	55.6	436	PERFECT	494	100	7.23	1000	7.52	3.22	OFF	OFF	90.0	90.0	OFF	35.0
19-04-11 00:45:19	64.8	80.0	65.0	ON	69.4	62.0	60.6	85.0	35.0	OFF	76.3	55.6	436	PERFECT	494	100	7.23	1000	7.52	3.22	OFF	OFF	90.0	90.0	OFF	35.0
19-04-11 00:45:38	64.8	80.0	65.0	ON	69.4	62.0	60.6	85.0	35.0	OFF	76.3	55.6	436	PERFECT	494	100	7.23	1000	7.52	3.22	OFF	OFF	90.0	90.0	OFF	35.0
19-04-11 00:45:57	64.9	80.0	65.0	ON	69.4	62.0	60.6	85.0	35.0	OFF	76.3	55.6	434	PERFECT	494	100	7.32	1000	7.52	3.22	OFF	OFF	90.0	90.0	OFF	35.0
19-04-11 01:00:17	64.8	80.0	65.0	ON	69.4	62.0	60.6	85.0	35.0	OFF	76.3	55.6	434	PERFECT	494	100	7.13	1000	7.52	3.22	OFF	OFF	90.0	90.0	OFF	35.0
19-04-11 01:00:36	64.7	80.0	65.0	ON	69.4	62.0	60.5	85.0	35.0	OFF	76.3	55.6	433	PERFECT	494	100	7.23	1000	7.52	3.22	OFF	OFF	90.0	90.0	OFF	35.0
19-04-11 01:00:55	64.8	80.0	65.0	ON	69.4	62.0	60.5	85.0	35.0	OFF	76.3	55.6	434	PERFECT	494	100	7.32	1000	7.52	3.22	OFF	OFF	90.0	90.0	OFF	35.0
19-04-11 01:15:15	64.6	80.0	65.0	ON	69.4	62.0	60.5	85.0	35.0	OFF	76.3	55.6	432	PERFECT	494	100	7.32	1000	7.52	3.22	OFF	OFF	90.0	90.0	OFF	35.0
19-04-11 01:15:34	64.6	80.0	65.0	ON	69.4	62.0	60.5	85.0	35.0	OFF	76.3	55.6	426	PERFECT	494	100	7.13	1000	7.52	3.22	OFF	OFF	90.0	90.0	OFF	35.0
19-04-11 01:15:53	64.6	80.0	65.0	ON	69.4	62.0	60.5	85.0	35.0	OFF	76.3	55.6	432	PERFECT	494	100	7.23	1000	7.52	3.22	OFF	OFF	90.0	90.0	OFF	35.0
19-04-11 01:30:13	64.5	80.0	65.0	ON	69.4	62.0	60.4	85.0	35.0	OFF	76.3	55.6	430	PERFECT	494	100	7.32	1000	7.52	3.22	OFF	OFF	90.0	90.0	OFF	35.0
19-04-11 01:30:32	64.5	80.0	65.0	ON	69.4	62.0	60.4	85.0	35.0	OFF	76.3	55.6	429	PERFECT	494	100	7.23	1000	7.52	3.22	OFF	OFF	90.0	90.0	OFF	35.0
19-04-11 01:30:51	64.4	80.0	65.0	ON	69.4	62.0	60.4	85.0	35.0	OFF	76.3	55.6	430	PERFECT	494	100	7.13	1000	7.52	3.22	OFF	OFF	90.0	90.0	OFF	35.0
19-04-11 01:45:11	64.4	80.0	65.0	ON	69.4	62.0	60.4	85.0	35.0	OFF	76.3	55.6	428	PERFECT	494	100	7.13	1000	7.52	3.22	OFF	OFF	90.0	90.0	OFF	35.0
19-04-11 01:45:30	64.3	80.0	65.0	ON	69.4	62.0	60.4	85.0	35.0	OFF	76.3	55.6	427	PERFECT	494	100	7.13	1000	7.52	3.22	OFF	OFF	90.0	90.0	OFF	35.0
19-04-11 01:45:50	64.4	80.0	65.0	ON	69.4	62.0	60.4	85.0	35.0	OFF	76.3	55.6	428	PERFECT	494	100	7.13	1000	7.52	3.22	OFF	OFF	90.0	90.0	OFF	35.0
19-04-11 02:00:09	64.2	80.0	65.0	ON	69.4	62.0	60.4	85.0	35.0	OFF	76.3	55.6	426	PERFECT	494	100	7.23	1000	7.52	3.22	OFF	OFF	90.0	90.0	OFF	35.0
19-04-11 02:00:29	64.2	80.0	65.0	ON	69.4	62.0	60.4	85.0	35.0	OFF	76.3	55.6	426	PERFECT	494	100	7.23	1000	7.52	3.22	OFF	OFF	90.0	90.0	OFF	35.0
19-04-11 02:00:48	64.2	80.0	65.0	ON	69.4	62.0	60.4	85.0	35.0	OFF	76.3	55.6	426	PERFECT	494	100	7.13	1000	7.52	3.22	OFF	OFF	90.0	90.0	OFF	35.0
19-04-11 02:15:08	64.1	80.0	65.0	ON	69.4	62.0	60.3	85.0	35.0	OFF	76.3	55.6	425	PERFECT	494	100	7.13	1000	7.52	3.22	OFF	OFF	90.0	90.0	OFF	35.0
19-04-11 02:15:27	64.1	80.0	65.0	ON	69.4	62.0	60.3	85.0	35.0	OFF	76.3	55.6	425	PERFECT	494	100	7.23	1000	7.52	3.22	OFF	OFF	90.0	90.0	OFF	35.0
19-04-11 02:15:46	64.1	80.0	65.0	ON	69.4	62.0	60.3	85.0	35.0	OFF	76.3	55.6	424	DRY	494	100	7.03	1000	7.52	3.22	OFF	OFF	90.0	90.0	OFF	35.0
19-04-11 02:30:05	64.0	80.0	65.0	ON	69.4	62.0	60.2	85.0	35.0	OFF	76.3	55.6	423	DRY	494	100	6.93	1000	7.52	3.22	OFF	OFF	90.0	90.0	OFF	35.0
19-04-11 02:30:25	64.0	80.0	65.0	ON	69.4	62.0	60.2	85.0	35.0	OFF	76.3	55.6	423	DRY	494	100	7.03	1000	7.52	3.22	OFF	OFF	90.0	90.0	OFF	35.0
19-04-11 02:30:44	64.0	80.0	65.0	ON	69.4	62.0	60.2	85.0	35.0	OFF	76.3	55.6	423	DRY	494	100	7.13	1000	7.52	3.22	OFF	OFF	90.0	90.0	OFF	35.0
19-04-11 02:45:04	63.9	80.0	65.0	ON	69.4	62.0	60.1	85.0	35.0	OFF	76.3	55.6	424	DRY	494	100	7.03	1000	7.52	3.22	OFF	OFF	90.0	90.0	OFF	35.0
19-04-11 02:45:23	63.9	80.0	65.0	ON	69.4	62.0	60.0	85.0	35.0	OFF	76.3	55.6	423	DRY	494	100	7.03	1000	7.52	3.22	OFF	OFF	90.0	90.0	OFF	35.0
19-04-11 02:45:42	63.9	80.0	65.0	ON	69.4	62.0	60.0	85.0	35.0	OFF	76.3	55.6	424	DRY	494	100	6.93	1000	7.52	3.22	OFF	OFF	90.0	90.0	OFF	35.0
19-04-11 03:00:02	63.8	80.0	65.0	ON	69.4	62.0	60.0	85.0	35.0	OFF	76.3	55.6	421	DRY	494	100	6.93	1000	7.52	3.22	OFF	OFF	90.0	90.0	OFF	35.0
19-04-11 03:00:21	63.8	80.0	65.0	ON	69.4	62.0	60.0	85.0	35.0	OFF	76.3	55.6	421	DRY	494	100	6.93	1000	7.52	3.22	OFF	OFF	90.0	90.0	OFF	35.0
19-04-11 03:00:40	63.8	80.0	65.0	ON	69.4	62.0	60.0	85.0	35.0	OFF	76.3	55.6	421	DRY	494	100	7.13	1000	7.52	3.22	OFF	OFF	90.0	90.0	OFF	35.0
19-04-11 03:00:59	63.8	80.0	65.0	ON	69.4	62.0	60.0	85.0	35.0	OFF	76.3	55.6	421	DRY	494	100	6.93	1000	7.52	3.22	OFF	OFF	90.0	90.0	OFF	35.0
19-04-11 03:15:18	63.6	80.0	65.0	ON	69.4	62.0	59.9	85.0	35.0	OFF	76.3	55.6	419	DRY	494	100	6.93	1000	7.52	3.22	OFF	OFF	90.0	90.0	OFF	35.0
19-04-11 03:15:37	63.6	80.0	65.0	ON	69.4	62.0	59.9	85.0	35.0	OFF	76.3	55.6	420	DRY	494	100	7.13	1000	7.52	3.22	OFF	OFF	90.0	90.0	OFF	35.0
19-04-11 03:15:57	63.6	80.0	65.0	ON	69.4	62.0	59.9	85.0	35.0	OFF	76.3	55.6	419	DRY	494	100	6.93	1000	7.52	3.22	OFF	OFF	90.0	90.0	OFF	35.0
19-04-11 03:30:16	63.5	80.0	65.0	ON	69.4	62.0	59.9	85.0	35.0	OFF	76.3	55.6	417	DRY	494	100	6.93	1000	7.52	3.22	OFF	OFF	90.0	90.0	OFF	35.0
19-04-11 03:30:35	63.5	80.0	65.0	ON	69.4	62.0	59.9	85.0	35.0	OFF	76.3	55.6	418	DRY	494	100	7.13	1000	7.52	3.22	OFF	OFF	90.0	90.0	OFF	35.0
19-04-11 03:30:54	63.5	80.0	65.0	ON	69.4	62.0	59.9	85.0	35.0	OFF	76.3	55.6	417	DRY	494	100	6.93	1000	7.52	3.22	OFF	OFF	90.0	90.0	OFF	35.0
19-04-11 03:45:14	63.4	80.0	65.0	ON	69.4	62.0	59.8	85.0	35.0	OFF	76.3	55.6	415	DRY	494	100	6.84	1000	7.52	3.22	OFF	OFF	90.0	90.0	OFF	35.0
19-04-11 03:45:33	63.4	80.0	65.0	ON	69.4	62.0	59.8	85.0	35.0	OFF	76.3	55.6	416	DRY	494	100	6.84	1000	7.52	3.22	OFF	OFF	90.0	90.0	OFF	35.0
19-04-11 03:45:52	63.4	80.0	65.0	ON	69.4	62.0	59.8	85.0	35.0	OFF	76.3	55.6	416	DRY	494	100	6.74	1000	7.52	3.22	OFF	OFF	90.0	90.0	OFF	35.0
19-04-11 04:00:12	63.2	80.0	65.0	ON	69.4	62.0	59.7	85.0	35.0	OFF	76.3	55.6	414	DRY	494	100	6.84	1000	7.52	3.22	OFF	OFF	90.0	90.0	OFF	35.0
19-04-11 04:00:31	63.3	80.0	65.0	ON	69.4	62.0	59.7	85.0	35.0	OFF	76.3	55.6	414	DRY	494	100	6.93	1000	7.52	3.22	OFF	OFF	90.0	90.0	OFF	35.0
19-04-11 04:00:50	63.2	80.0	65.0	ON	69.4	62.0	59.7	85.0	35.0	OFF	76.3	55.6	414	DRY	494	100	6.93	1000	7.52	3.22	OFF	OFF	90.0	90.0	OFF	35.0
19-04-11 04:15:10	63.1	80.0	65.0	ON	69.4	62.0	59.7	85.0	35.0	OFF	76.3	55.6	413	DRY	494	100	6.84	1000	7.52	3.22	OFF	OFF	90.0	90.0	OFF	35.0
19-04-11 04:15:29	63.1	80.0	65.0	ON	69.4	62.0	59.7	85.0	35.0	OFF	76.3	55.6	412	DRY	494	100	6.74	1000	7.52	3.22	OFF	OFF	90.0	90.0	OFF	35.0
19-04-11 04:15:48	63.1	80.0	65.0	ON	69.4	62.0	59.7	85.0	35.0	OFF	76.3	55.6	412	DRY	494	100	6.84	1000	7.52	3.22	OFF	OFF	90.0	90.0	OFF	35.0
19-04-11 04:30:08	63.1	80.0	65.0	ON	69.4	62.0	59.7	85.0	35.0	OFF	76.3	55.6	411	DRY	494	100	6.84	1000	7.52	3.22	OFF	OFF	90.0	90.0	OFF	35.0
19-04-11 04:30:27	63.1	80.0	65.0	ON	69.4	62.0	59.7	85.0	35.0	OFF	76.3	55.6	410	DRY	494	100	6.74	1000	7.52	3.22	OFF	OFF	90.0	90.0	OFF	35.0
19-04-11 04:30:46	63.1	80.0	65.0	ON	69.4	62.0	59.7	85.0	35.0	OFF	76.3	55.6	411	DRY	494	100	6.64	1000	7.52	3.22	OFF	OFF	90.0	90.0	OFF	35.0
19-04-11 04:45:06	62.9	80.0	65.0	ON	69.4	62.0	59.6	85.0	35.0	OFF	76.3	55.6	409	DRY	494	100	6.74	1000	7.52	3.22	OFF	OFF	90.0	90.0	OFF	35.0
19-04-11 04:45:25	62.9	80.0	65.0	ON	69.4	62.0	59.6	85.0	35.0	OFF	76.3	55.6	409	DRY	494	100	6.64	1000	7.52	3.22	OFF	OFF	90.0	90.0	OFF	35.0
19-04-11 04:45:44	62.9	80.0	65.0	ON	69.4	62.0	59.6	85.0	35.0	OFF	76.3	55.6	409	DRY	494	100	6.64	1000	7.52	3.22	OFF	OFF	90.0	90.0	OFF	35.0
19-04-11 05:00:04	62.9	80.0	65.0	ON	69.4	62.0	59.6	85.0	35.0	OFF	76.3	55.6	406	DRY	494	100	6.74	1000	7.52	3.22	OFF	OFF	90.0	90.0	OFF	35.0
19-04-11 05:00:23	62.8	80.0	65.0	ON	69.4	62.0	59.5	85.0	35.0	OFF	76.3	55.6	407	DRY	494	100	6.84	1000	7.52	3.22	OFF	OFF	90.0	90.0	OFF	35.0
19-04-11 05:00:42	62.8	80.0	65.0	ON	69.4	62.0	59.6	85.0	35.0	OFF	76.3	55.6	407	DRY	494	100	6.74	1000	7.52	3.22	OFF	OFF	90.0	90.0	OFF	35.0
19-04-11 05:15:02	62.7	80.0	65.0	ON	69.4	62.0	59.4	85.0	35.0	OFF	76.3	55.6	405	DRY	494	100	6.54	1000	7.52	3.22	OFF	OFF	90.0	90.0	OFF	35.0
19-04-11 05:15:21	62.7	80.0	65.0	ON	69.4	62.0	59.4	85.0	35.0	OFF	76.3	55.6	404	DRY	494	100	6.74	1000	7.52	3.22	OFF	OFF	90.0	90.0	OFF	35.0
19-04-11 05:15:40	62.7	80.0	65.0	ON	69.4	62.0	59.4	85.0	35.0	OFF	76.3	55.6	405	DRY	494	100	6.64	1000	7.52	3.22	OFF	OFF	90.0	90.0	OFF	35.0
19-04-11 05:15:59	62.7	80.0	65.0	ON	69.4	62.0	59.4	85.0	35.0	OFF	76.3	55.6	405	DRY	494	100	6.74	1000	7.52	3.22	OFF	OFF	90.0	90.0	OFF	35.0
19-04-11 05:30:00	62.6	80.0	65.0	ON	69.4	62.0	59.4	85.0	35.0	OFF	76.3	55.6	404	DRY	494	100	6.54	1000	7.52	3.22	OFF	OFF	90.0	90.0	OFF	35.0
19-04-11 05:30:19	62.6	80.0	65.0	ON	69.4	62.0	59.4	85.0	35.0	OFF	76.3	55.6	403	DRY	494	100	6.64	1000	7.52	3.22	OFF	OFF	90.0	90.0	OFF	35.0
19-04-11 05:30:38	62.6	80.0	65.0	ON	69.4	62.0	59.4	85.0	35.0	OFF	76.3	55.6	404	DRY	494	100	6.64	1000	7.52	3.22	OFF	OFF	90.0	90.0	OFF	35.0
19-04-11 05:30:57	62.6	80.0	65.0	ON	69.4	62.0	59.4	85.0	35.0	OFF	76.3	55.6	402	DRY	494	100	6.64	1000	7.52	3.22	OFF	OFF	90.0	90.0	OFF	35.0
19-04-11 05:45:17	62.5	80.0	65.0	ON	69.4	62.0	59.4	85.0	35.0	OFF	76.3	55.6	401	DRY	494	100	6.64	1000	7.52	3.22	OFF	OFF	90.0	90.0	OFF	35.0
19-04-11 05:45:36	62.5	80.0	65.0	ON	69.4	62.0	59.4	85.0	35.0	OFF	76.3	55.6	402	DRY	494	100	6.64	1000	7.52	3.22	OFF	OFF	90.0	90.0	OFF	35.0
19-04-11 05:45:55	62.5	80.0	65.0	ON	69.4	62.0	59.4	85.0	35.0	OFF	76.3	55.6	401	DRY	494	100	6.54	1000	7.52	3.22	OFF	OFF	90.0	90.0	OFF	35.0
19-04-11 06:00:15	62.4	80.0	65.0	ON	69.4	62.0	59.4	85.0	35.0	OFF	76.3	55.6	400	DRY	494	100	6.54	1000	7.52	3.22	OFF	OFF	90.0	90.0	OFF	35.0
19-04-11 06:00:34	62.4	80.0	65.0	ON	69.4	62.0	59.4	85.0	35.0	OFF	76.3	55.6	400	DRY	494	100	6.54	1000	7.52	3.22	OFF	OFF	90.0	90.0	OFF	35.0
19-04-11 06:00:53	62.4	80.0	65.0	ON	69.4	62.0	59.3	85.0	35.0	OFF	76.3	55.6	399	DRY	494	100	6.54	1000	7.52	3.22	OFF	OFF	90.0	90.0	OFF	35.0
19-04-11 06:15:13	62.3	80.0	65.0	ON	69.4	62.0	59.3	85.0	35.0	OFF	76.3	55.6	398	DRY	494	100	6.45	1000	7.52	3.22	OFF	OFF	90.0	90.0	OFF	35.0
19-04-11 06:15:32	62.3	80.0	65.0	ON	69.4	62.0	59.3	85.0	35.0	OFF	76.3	55.6	398	DRY	494	100	6.64	1000	7.52	3.22	OFF	OFF	90.0	90.0	OFF	35.0
19-04-11 06:15:51	62.3	80.0	65.0	ON	69.4	62.0	59.3	85.0	35.0	OFF	76.3	55.6	398	DRY	494	100	6.54	1000	7.52	3.22	OFF	OFF	90.0	90.0	OFF	35.0
19-04-11 06:30:11	62.2	80.0	65.0	ON	69.4	62.0	59.3	85.0	35.0	OFF	76.3	55.6	397	DRY	494	100	6.54	1000	7.52	3.22	OFF	OFF	90.0	90.0	OFF	35.0
19-04-11 06:30:30	62.2	80.0	65.0	ON	69.4	62.0	59.3	85.0	35.0	OFF	76.3	55.6	397	DRY	494	100	6.54	1000	7.52	3.22	OFF	OFF	90.0	90.0	OFF	35.0
19-04-11 06:30:49	62.2	80.0	65.0	ON	69.4	62.0	59.3	85.0	35.0	OFF	76.3	55.6	394	DRY	494	100	6.54	1000	7.52	3.22	OFF	OFF	90.0	90.0	OFF	35.0
19-04-11 06:45:09	62.1	80.0	65.0	ON	69.4	62.0	59.3	85.0	35.0	OFF	76.3	55.6	395	DRY	494	100	6.54	1000	7.52	3.22	OFF	OFF	90.0	90.0	OFF	35.0
19-04-11 06:45:28	62.1	80.0	65.0	ON	69.4	62.0	59.3	85.0	35.0	OFF	76.3	55.6	395	DRY	494	100	6.64	1000	7.52	3.22	OFF	OFF	90.0	90.0	OFF	35.0
19-04-11 06:45:47	62.1	80.0	65.0	ON	69.4	62.0	59.3	85.0	35.0	OFF	76.3	55.6	395	DRY	494	100	6.45	1000	7.52	3.22	OFF	OFF	90.0	90.0	OFF	35.0
19-04-11 07:00:07	62.0	80.0	65.0	ON	69.4	62.0	59.3	85.0	35.0	OFF	76.3	55.6	394	DRY	494	100	6.54	1000	7.52	3.22	OFF	OFF	90.0	90.0	OFF	35.0
19-04-11 07:00:26	62.0	80.0	65.0	ON	69.4	62.0	59.3	85.0	35.0	OFF	76.3	55.6	395	DRY	494	100	6.45	1000	7.52	3.22	OFF	OFF	90.0	90.0	OFF	35.0
19-04-11 07:00:45	62.0	80.0	65.0	ON	69.4	62.0	59.3	85.0	35.0	OFF	76.3	55.6	395	DRY	494	100	6.54	1000	7.52	3.22	OFF	OFF	90.0	90.0	OFF	35.0
19-04-11 07:15:05	61.9	80.0	65.0	ON	69.4	61.9	59.3	85.0	35.0	OFF	76.3	55.6	393	DRY	494	100	6.54	1000	7.52	3.22	OFF	OFF	90.0	90.0	OFF	35.0
19-04-11 07:15:24	61.9	80.0	65.0	ON	69.4	61.9	59.3	85.0	35.0	OFF	76.3	55.6	394	DRY	494	100	6.45	1000	7.52	3.22	OFF	OFF	90.0	90.0	OFF	35.0
19-04-11 07:15:43	61.9	80.0	65.0	ON	69.4	61.9	59.3	85.0	35.0	OFF	76.3	55.6	393	DRY	494	100	6.45	1000	7.52	3.22	OFF	OFF	90.0	90.0	OFF	35.0
19-04-11 07:30:03	61.8	80.0	65.0	ON	69.4	61.8	59.3	85.0	35.0	OFF	76.3	55.6	393	DRY	494	100	6.35	1000	7.52	3.22	OFF	OFF	90.0	90.0	OFF	35.0
19-04-11 07:30:22	61.8	80.0	65.0	ON	69.4	61.8	59.3	85.0	35.0	OFF	76.3	55.6	392	DRY	494	100	6.45	1000	7.52	3.22	OFF	OFF	90.0	90.0	OFF	35.0
19-04-11 07:30:41	61.8	80.0	65.0	ON	69.4	61.8	59.3	85.0	35.0	OFF	76.3	55.6	392	DRY	494	100	6.35	1000	7.52	3.22	OFF	OFF	90.0	90.0	OFF	35.0
19-04-11 07:45:01	61.7	80.0	65.0	ON	69.4	61.7	59.3	85.0	35.0	OFF	76.3	55.6	391	DRY	494	100	6.25	1000	7.52	3.22	OFF	OFF	90.0	90.0	OFF	35.0
19-04-11 07:45:20	61.7	80.0	65.0	ON	69.4	61.7	59.3	85.0	35.0	OFF	76.3	55.6	391	DRY	494	100	6.35	1000	7.52	3.22	OFF	OFF	90.0	90.0	OFF	35.0
19-04-11 07:45:39	61.7	80.0	65.0	ON	69.4	61.7	59.3	85.0	35.0	OFF	76.3	55.6	391	DRY	494	100	6.35	1000	7.52	3.22	OFF	OFF	90.0	90.0	OFF	35.0
19-04-11 07:45:58	61.7	80.0	65.0	ON	69.4	61.7	59.3	85.0	35.0	OFF	76.3	55.6	390	DRY	494	100	6.35	1000	7.52	3.22	OFF	OFF	90.0	90.0	OFF	35.0
19-04-11 08:00:18	61.6	80.0	65.0	ON	69.4	61.6	59.3	85.0	35.0	OFF	76.3	55.6	389	DRY	494	100	6.35	1000	7.52	3.22	OFF	OFF	90.0	90.0	OFF	35.0
19-04-11 08:00:37	61.6	80.0	65.0	ON	69.4	61.6	59.3	85.0	35.0	OFF	76.3	55.6	389	DRY	494	100	6.25	1000	7.52	3.22	OFF	OFF	90.0	90.0	OFF	35.0
19-04-11 08:00:56	61.6	80.0	65.0	ON	69.4	61.6	59.3	85.0	35.0	OFF	76.3	55.6	388	DRY	494	100	6.25	1000	7.52	3.22	OFF	OFF	90.0	90.0	OFF	35.0
19-04-11 08:15:15	61.5	80.0	65.0	ON	69.4	61.5	59.3	85.0	35.0	OFF	76.3	55.6	387	DRY	494	100	6.35	1000	7.52	3.22	OFF	OFF	90.0	90.0	OFF	35.0
19-04-11 08:15:35	61.5	80.0	65.0	ON	69.4	61.5	59.3	85.0	35.0	OFF	76.3	55.6	388	DRY	494	100	6.25	1000	7.52	3.22	OFF	OFF	90.0	90.0	OFF	35.0
19-04-11 08:15:54	61.5	80.0	65.0	ON	69.4	61.5	59.3	85.0	35.0	OFF	76.3	55.6	387	DRY	494	100	6.25	1000	7.52	3.22	OFF	OFF	90.0	90.0	OFF	35.0
19-04-11 08:30:13	61.5	80.0	65.0	ON	69.4	61.4	59.3	85.0	35.0	OFF	76.3	55.6	385	DRY	494	100	6.25	1000	7.52	3.22	OFF	OFF	90.0	90.0	OFF	35.0
19-04-11 08:30:32	61.4	80.0	65.0	ON	69.4	61.4	59.3	85.0	35.0	OFF	76.3	55.6	384	DRY	494	100	6.35	1000	7.52	3.22	OFF	OFF	90.0	90.0	OFF	35.0
19-04-11 08:30:51	61.5	80.0	65.0	ON	69.4	61.4	59.3	85.0	35.0	OFF	76.3	55.6	385	DRY	494	100	6.35	1000	7.52	3.22	OFF	OFF	90.0	90.0	OFF	35.0
19-04-11 08:45:11	61.4	80.0	65.0	ON	69.4	61.4	59.3	85.0	35.0	OFF	76.3	55.6	385	DRY	494	100	6.35	1000	7.52	3.22	OFF	OFF	90.0	90.0	OFF	35.0
19-04-11 08:45:30	61.3	80.0	65.0	ON	69.4	61.3	59.2	85.0	35.0	OFF	76.3	55.6	384	DRY	494	100	6.25	1000	7.52	3.22	OFF	OFF	90.0	90.0	OFF	35.0
19-04-11 08:45:49	61.4	80.0	65.0	ON	69.4	61.3	59.3	85.0	35.0	OFF	76.3	55.6	384	DRY	494	100	6.25	1000	7.52	3.22	OFF	OFF	90.0	90.0	OFF	35.0
19-04-11 09:00:09	61.3	80.0	65.0	ON	69.4	61.3	59.3	85.0	35.0	OFF	76.3	55.6	382	DRY	494	100	6.25	1000	7.52	3.22	OFF	OFF	90.0	90.0	OFF	35.0
19-04-11 09:00:28	61.4	80.0	65.0	ON	69.4	61.3	59.3	85.0	35.0	OFF	76.3	55.6	383	DRY	494	100	6.25	1000	7.52	3.22	OFF	OFF	90.0	90.0	OFF	35.0
19-04-11 09:00:47	61.3	80.0	65.0	ON	69.4	61.3	59.3	85.0	35.0	OFF	76.3	55.6	383	DRY	494	100	6.25	1000	7.52	3.22	OFF	OFF	90.0	90.0	OFF	35.0
19-04-11 09:15:06	61.3	80.0	65.0	ON	69.4	61.2	59.3	85.0	35.0	OFF	76.3	55.6	382	DRY	494	100	6.15	1000	7.52	3.22	OFF	OFF	90.0	90.0	OFF	35.0
19-04-11 09:15:26	61.3	80.0	65.0	ON	69.4	61.2	59.3	85.0	35.0	OFF	76.3	55.6	382	DRY	494	100	6.25	1000	7.52	3.22	OFF	OFF	90.0	90.0	OFF	35.0
19-04-11 09:15:45	61.3	80.0	65.0	ON	69.4	61.2	59.3	85.0	35.0	OFF	76.3	55.6	382	DRY	494	100	6.15	1000	7.52	3.22	OFF	OFF	90.0	90.0	OFF	35.0
19-04-11 09:30:04	61.3	80.0	65.0	ON	69.4	61.2	59.2	85.0	35.0	OFF	76.3	55.6	381	DRY	494	100	6.35	1000	7.52	3.22	OFF	OFF	90.0	90.0	OFF	35.0
19-04-11 09:30:24	61.2	80.0	65.0	ON	69.4	61.2	59.2	85.0	35.0	OFF	76.3	55.6	380	DRY	494	100	6.35	1000	7.52	3.22	OFF	OFF	90.0	90.0	OFF	35.0
19-04-11 09:30:43	61.3	80.0	65.0	ON	69.4	61.2	59.2	85.0	35.0	OFF	76.3	55.6	381	DRY	494	100	6.35	1000	7.52	3.22	OFF	OFF	90.0	90.0	OFF	35.0
19-04-11 09:45:02	61.2	80.0	65.0	ON	69.4	61.2	59.1	85.0	35.0	OFF	76.3	55.6	380	DRY	494	100	6.25	1000	7.52	3.22	OFF	OFF	90.0	90.0	OFF	35.0
19-04-11 09:45:22	61.3	80.0	65.0	ON	69.4	61.2	59.1	85.0	35.0	OFF	76.3	55.6	380	DRY	494	100	6.25	1000	7.52	3.22	OFF	OFF	90.0	90.0	OFF	35.0
19-04-11 09:45:41	61.3	80.0	65.0	ON	69.4	61.2	59.1	85.0	35.0	OFF	76.3	55.6	379	DRY	494	100	6.15	1000	7.52	3.22	OFF	OFF	90.0	90.0	OFF	35.0
19-04-11 10:00:00	61.3	80.0	65.0	ON	69.4	61.2	59.1	85.0	35.0	OFF	76.3	55.6	380	DRY	494	100	6.15	1000	7.52	3.22	OFF	OFF	90.0	90.0	OFF	35.0
19-04-11 10:00:19	61.2	80.0	65.0	ON	69.4	61.2	59.0	85.0	35.0	OFF	76.3	55.6	379	DRY	494	100	6.25	1000	7.52	3.22	OFF	OFF	90.0	90.0	OFF	35.0
19-04-11 10:00:38	61.3	80.0	65.0	ON	69.4	61.2	59.1	85.0	35.0	OFF	76.3	55.6	379	DRY	494	100	6.35	1000	7.52	3.22	OFF	OFF	90.0	90.0	OFF	35.0
19-04-11 10:00:58	61.2	80.0	65.0	ON	69.4	61.2	59.0	85.0	35.0	OFF	76.3	55.6	379	DRY	494	100	6.25	1000	7.52	3.22	OFF	OFF	90.0	90.0	OFF	35.0
19-04-11 10:15:17	61.3	80.0	65.0	ON	69.4	61.2	59.1	85.0	35.0	OFF	76.3	55.6	378	DRY	494	100	6.25	1000	7.52	3.22	OFF	OFF	90.0	90.0	OFF	35.0
19-04-11 10:15:36	61.2	80.0	65.0	ON	69.4	61.2	59.0	85.0	35.0	OFF	76.3	55.6	379	DRY	494	100	6.25	1000	7.52	3.22	OFF	OFF	90.0	90.0	OFF	35.0
19-04-11 10:15:56	61.2	80.0	65.0	ON	69.4	61.2	59.0	85.0	35.0	OFF	76.3	55.6	379	DRY	494	100	6.25	1000	7.52	3.22	OFF	OFF	90.0	90.0	OFF	35.0
19-04-11 10:30:15	61.3	80.0	65.0	ON	69.4	61.2	59.0	85.0	35.0	OFF	76.3	55.6	378	DRY	494	100	6.35	1000	7.52	3.22	OFF	OFF	90.0	90.0	OFF	35.0
19-04-11 10:30:34	61.3	80.0	65.0	ON	69.4	61.2	59.0	85.0	35.0	OFF	76.3	55.6	377	DRY	494	100	6.54	1000	7.52	3.22	OFF	OFF	90.0	90.0	OFF	35.0
19-04-11 10:30:54	61.3	80.0	65.0	ON	69.4	61.2	59.0	85.0	35.0	OFF	76.3	55.6	378	DRY	494	100	6.25	1000	7.52	3.22	OFF	OFF	90.0	90.0	OFF	35.0
19-04-11 10:45:13	61.3	80.0	65.0	ON	69.4	61.2	59.0	85.0	35.0	OFF	76.3	55.6	377	DRY	494	100	6.35	1000	7.52	3.22	OFF	OFF	90.0	90.0	OFF	35.0
19-04-11 10:45:33	61.3	80.0	65.0	ON	69.4	61.2	59.0	85.0	35.0	OFF	76.3	55.6	378	DRY	494	100	6.35	1000	7.52	3.22	OFF	OFF	90.0	90.0	OFF	35.0
19-04-11 10:45:52	61.3	80.0	65.0	ON	69.4	61.2	59.0	85.0	35.0	OFF	76.3	55.6	377	DRY	494	100	6.35	1000	7.52	3.22	OFF	OFF	90.0	90.0	OFF	35.0
19-04-11 11:00:11	61.4	80.0	65.0	ON	69.4	61.2	59.1	85.0	35.0	OFF	76.3	55.6	376	DRY	494	100	6.54	1000	7.52	3.22	OFF	OFF	90.0	90.0	OFF	35.0
19-04-11 11:00:31	61.4	80.0	65.0	ON	69.4	61.2	59.1	85.0	35.0	OFF	76.3	55.6	376	DRY	494	100	6.45	1000	7.52	3.22	OFF	OFF	90.0	90.0	OFF	35.0
19-04-11 11:00:50	61.4	80.0	65.0	ON	69.4	61.2	59.1	85.0	35.0	OFF	76.3	55.6	376	DRY	494	100	6.35	1000	7.52	3.22	OFF	OFF	90.0	90.0	OFF	35.0
19-04-11 11:15:09	61.5	80.0	65.0	ON	69.4	61.2	59.3	85.0	35.0	OFF	76.3	55.6	375	DRY	494	100	6.35	1000	7.52	3.22	OFF	OFF	90.0	90.0	OFF	35.0
19-04-11 11:15:28	61.5	80.0	65.0	ON	69.4	61.2	59.3	85.0	35.0	OFF	76.3	55.6	376	DRY	494	100	6.25	1000	7.52	3.22	OFF	OFF	90.0	90.0	OFF	35.0
19-04-11 11:15:48	61.5	80.0	65.0	ON	69.4	61.2	59.3	85.0	35.0	OFF	76.3	55.6	375	DRY	494	100	6.45	1000	7.52	3.22	OFF	OFF	90.0	90.0	OFF	35.0
19-04-11 11:30:07	61.7	80.0	65.0	ON	69.4	61.2	59.4	85.0	35.0	OFF	76.3	55.6	377	DRY	494	100	6.54	1000	7.52	3.22	OFF	OFF	90.0	90.0	OFF	35.0
19-04-11 11:30:26	61.7	80.0	65.0	ON	69.4	61.2	59.4	85.0	35.0	OFF	76.3	55.6	376	DRY	494	100	6.45	1000	7.52	3.22	OFF	OFF	90.0	90.0	OFF	35.0
19-04-11 11:30:46	61.7	80.0	65.0	ON	69.4	61.2	59.4	85.0	35.0	OFF	76.3	55.6	377	DRY	494	100	6.35	1000	7.52	3.22	OFF	OFF	90.0	90.0	OFF	35.0
19-04-11 11:45:05	61.8	80.0	65.0	ON	69.4	61.2	59.4	85.0	35.0	OFF	76.3	55.6	377	DRY	494	100	6.54	1000	7.52	3.22	OFF	OFF	90.0	90.0	OFF	35.0
19-04-11 11:45:24	61.9	80.0	65.0	ON	69.4	61.2	59.5	85.0	35.0	OFF	76.3	55.6	376	DRY	494	100	6.54	1000	7.52	3.22	OFF	OFF	90.0	90.0	OFF	35.0
19-04-11 11:45:44	61.9	80.0	65.0	ON	69.4	61.2	59.5	85.0	35.0	OFF	76.3	55.6	376	DRY	494	100	6.45	1000	7.52	3.22	OFF	OFF	90.0	90.0	OFF	35.0
19-04-11 12:00:03	62.1	80.0	65.0	ON	69.4	61.2	59.6	85.0	35.0	OFF	76.3	55.6	377	DRY	494	100	6.54	1000	7.52	3.22	OFF	OFF	90.0	90.0	OFF	35.0
19-04-11 12:00:22	62.1	80.0	65.0	ON	69.4	61.2	59.6	85.0	35.0	OFF	76.3	55.6	377	DRY	494	100	6.54	1000	7.52	3.22	OFF	OFF	90.0	90.0	OFF	35.0
19-04-11 12:00:41	62.0	80.0	65.0	ON	69.4	61.2	59.6	85.0	35.0	OFF	76.3	55.6	377	DRY	494	100	6.64	1000	7.52	3.22	OFF	OFF	90.0	90.0	OFF	35.0
19-04-11 12:15:01	62.3	80.0	65.0	ON	69.4	61.2	59.8	85.0	35.0	OFF	76.3	55.6	377	DRY	494	100	6.74	1000	7.52	3.22	OFF	OFF	90.0	90.0	OFF	35.0
19-04-11 12:15:20	62.3	80.0	65.0	ON	69.4	61.2	59.8	85.0	35.0	OFF	76.3	55.6	377	DRY	494	100	6.54	1000	7.52	3.22	OFF	OFF	90.0	90.0	OFF	35.0
19-04-11 12:15:39	62.2	80.0	65.0	ON	69.4	61.2	59.8	85.0	35.0	OFF	76.3	55.6	377	DRY	494	100	6.74	1000	7.52	3.22	OFF	OFF	90.0	90.0	OFF	35.0
19-04-11 12:15:58	62.2	80.0	65.0	ON	69.4	61.2	59.8	85.0	35.0	OFF	76.3	55.6	376	DRY	494	100	6.45	1000	7.52	3.22	OFF	OFF	90.0	90.0	OFF	35.0
19-04-11 12:30:18	62.5	80.0	65.0	ON	69.4	61.2	60.0	85.0	35.0	OFF	76.3	55.6	377	DRY	494	100	6.74	1000	7.52	3.22	OFF	OFF	90.0	90.0	OFF	35.0
19-04-11 12:30:37	62.5	80.0	65.0	ON	69.4	61.2	60.0	85.0	35.0	OFF	76.3	55.6	377	DRY	494	100	6.74	1000	7.52	3.22	OFF	OFF	90.0	90.0	OFF	35.0
19-04-11 12:30:56	62.5	80.0	65.0	ON	69.4	61.2	60.0	85.0	35.0	OFF	76.3	55.6	376	DRY	494	100	6.74	1000	7.52	3.22	OFF	OFF	90.0	90.0	OFF	35.0
19-04-11 12:45:16	62.8	80.0	65.0	ON	69.4	61.2	60.2	85.0	35.0	OFF	76.3	55.6	378	DRY	494	100	6.84	1000	7.52	3.22	OFF	OFF	90.0	90.0	OFF	35.0
19-04-11 12:45:35	62.8	80.0	65.0	ON	69.4	61.2	60.2	85.0	35.0	OFF	76.3	55.6	378	DRY	494	100	6.74	1000	7.52	3.22	OFF	OFF	90.0	90.0	OFF	35.0
19-04-11 12:45:54	62.9	80.0	65.0	ON	69.4	61.2	60.2	85.0	35.0	OFF	76.3	55.6	378	DRY	494	100	6.93	1000	7.52	3.22	OFF	OFF	90.0	90.0	OFF	35.0
19-04-11 13:00:14	63.2	80.0	65.0	ON	69.4	61.2	60.5	85.0	35.0	OFF	76.3	55.6	379	DRY	494	100	6.84	1000	7.52	3.22	OFF	OFF	90.0	90.0	OFF	35.0
19-04-11 13:00:33	63.2	80.0	65.0	ON	69.4	61.2	60.5	85.0	35.0	OFF	76.3	55.6	378	DRY	494	100	6.84	1000	7.52	3.22	OFF	OFF	90.0	90.0	OFF	35.0
19-04-11 13:00:52	63.2	80.0	65.0	ON	69.4	61.2	60.5	85.0	35.0	OFF	76.3	55.6	378	DRY	494	100	6.93	1000	7.52	3.22	OFF	OFF	90.0	90.0	OFF	35.0
19-04-11 13:15:12	63.5	80.0	65.0	ON	69.4	61.2	60.7	85.0	35.0	OFF	76.3	55.6	379	DRY	494	100	7.03	1000	7.52	3.22	OFF	OFF	90.0	90.0	OFF	35.0
19-04-11 13:15:31	63.5	80.0	65.0	ON	69.4	61.2	60.7	85.0	35.0	OFF	76.3	55.6	379	DRY	494	100	6.84	1000	7.52	3.22	OFF	OFF	90.0	90.0	OFF	35.0
19-04-11 13:15:50	63.5	80.0	65.0	ON	69.4	61.2	60.8	85.0	35.0	OFF	76.3	55.6	379	DRY	494	100	6.93	1000	7.52	3.22	OFF	OFF	90.0	90.0	OFF	35.0
19-04-11 13:30:10	63.8	80.0	65.0	ON	69.4	61.2	61.1	85.0	35.0	OFF	76.3	55.6	380	DRY	494	100	7.13	1000	7.52	3.22	OFF	OFF	90.0	90.0	OFF	35.0
19-04-11 13:30:29	63.8	80.0	65.0	ON	69.4	61.2	61.1	85.0	35.0	OFF	76.3	55.6	380	DRY	494	100	7.13	1000	7.52	3.22	OFF	OFF	90.0	90.0	OFF	35.0
19-04-11 13:30:48	63.8	80.0	65.0	ON	69.4	61.2	61.1	85.0	35.0	OFF	76.3	55.6	380	DRY	494	100	7.13	1000	7.52	3.22	OFF	OFF	90.0	90.0	OFF	35.0
19-04-11 13:45:08	64.1	80.0	65.0	ON	69.4	61.2	61.4	85.0	35.0	OFF	76.3	55.6	381	DRY	494	100	7.23	1000	7.52	3.22	OFF	OFF	90.0	90.0	OFF	35.0
19-04-11 13:45:27	64.2	80.0	65.0	ON	69.4	61.2	61.5	85.0	35.0	OFF	76.3	55.6	380	DRY	494	100	7.23	1000	7.52	3.22	OFF	OFF	90.0	90.0	OFF	35.0
19-04-11 13:45:46	64.1	80.0	65.0	ON	69.4	61.2	61.4	85.0	35.0	OFF	76.3	55.6	381	DRY	494	100	7.32	1000	7.52	3.22	OFF	OFF	90.0	90.0	OFF	35.0
19-04-11 14:00:05	64.5	80.0	65.0	ON	69.4	61.2	61.7	85.0	35.0	OFF	76.3	55.6	382	DRY	494	100	7.52	1000	7.52	3.22	OFF	OFF	90.0	90.0	OFF	35.0
19-04-11 14:00:24	64.4	80.0	65.0	ON	69.4	61.2	61.7	85.0	35.0	OFF	76.3	55.6	381	DRY	494	100	7.52	1000	7.52	3.22	OFF	OFF	90.0	90.0	OFF	35.0
19-04-11 14:00:44	64.5	80.0	65.0	ON	69.4	61.2	61.8	85.0	35.0	OFF	76.3	55.6	382	DRY	494	100	7.32	1000	7.52	3.22	OFF	OFF	90.0	90.0	OFF	35.0
19-04-11 14:15:03	64.8	80.0	65.0	ON	69.4	61.2	62.1	85.0	35.0	OFF	76.3	55.6	383	DRY	494	100	7.42	1000	7.52	3.22	OFF	OFF	90.0	90.0	OFF	35.0
19-04-11 14:15:23	64.8	80.0	65.0	ON	69.4	61.2	62.2	85.0	35.0	OFF	76.3	55.6	382	DRY	494	100	7.42	1000	7.52	3.22	OFF	OFF	90.0	90.0	OFF	35.0
19-04-11 14:15:42	64.8	80.0	65.0	ON	69.4	61.2	62.2	85.0	35.0	OFF	76.3	55.6	381	DRY	494	100	7.52	1000	7.52	3.22	OFF	OFF	90.0	90.0	OFF	35.0
19-04-11 14:30:01	65.1	80.0	65.0	OFF	69.4	61.2	62.6	85.0	35.0	OFF	76.3	55.6	384	DRY	494	100	7.71	1000	7.71	3.22	OFF	OFF	90.0	90.0	OFF	35.0
19-04-11 14:30:21	65.1	80.0	65.0	OFF	69.4	61.2	62.6	85.0	35.0	OFF	76.3	55.6	383	DRY	494	100	7.62	1000	7.71	3.22	OFF	OFF	90.0	90.0	OFF	35.0
19-04-11 14:30:40	65.1	80.0	65.0	OFF	69.4	61.2	62.6	85.0	35.0	OFF	76.3	55.6	383	DRY	494	100	7.71	1000	7.71	3.22	OFF	OFF	90.0	90.0	OFF	35.0
19-04-11 14:30:59	65.1	80.0	65.0	OFF	69.4	61.2	62.6	85.0	35.0	OFF	76.3	55.6	384	DRY	494	100	7.62	1000	7.71	3.22	OFF	OFF	90.0	90.0	OFF	35.0
19-04-11 14:45:19	65.4	80.0	65.0	OFF	69.4	61.2	63.1	85.0	35.0	OFF	76.3	55.6	384	DRY	494	100	7.71	1000	7.71	3.22	OFF	OFF	90.0	90.0	OFF	35.0
19-04-11 14:45:38	65.4	80.0	65.0	OFF	69.4	61.2	63.1	85.0	35.0	OFF	76.3	55.6	384	DRY	494	100	7.71	1000	7.71	3.22	OFF	OFF	90.0	90.0	OFF	35.0
19-04-11 14:45:57	65.5	80.0	65.0	OFF	69.4	61.2	63.1	85.0	35.0	OFF	76.3	55.6	383	DRY	494	100	7.71	1000	7.71	3.22	OFF	OFF	90.0	90.0	OFF	35.0
19-04-11 15:00:17	65.7	80.0	65.0	OFF	69.4	61.2	63.7	85.0	35.0	OFF	76.3	55.6	385	DRY	494	100	7.91	1000	8.11	3.22	OFF	OFF	90.0	90.0	OFF	35.0
19-04-11 15:00:36	65.7	80.0	65.0	OFF	69.4	61.2	63.7	85.0	35.0	OFF	76.3	55.6	385	DRY	494	100	7.91	1000	8.11	3.22	OFF	OFF	90.0	90.0	OFF	35.0
19-04-11 15:00:55	65.7	80.0	65.0	OFF	69.4	61.2	63.6	85.0	35.0	OFF	76.3	55.6	385	DRY	494	100	7.91	1000	8.11	3.22	OFF	OFF	90.0	90.0	OFF	35.0
19-04-11 15:15:14	66.0	80.0	65.0	OFF	69.4	61.2	64.2	85.0	35.0	OFF	76.3	55.6	386	DRY	494	100	8.01	1000	8.11	3.22	OFF	OFF	90.0	90.0	OFF	35.0
19-04-11 15:15:34	65.9	80.0	65.0	OFF	69.4	61.2	64.1	85.0	35.0	OFF	76.3	55.6	386	DRY	494	100	8.01	1000	8.11	3.22	OFF	OFF	90.0	90.0	OFF	35.0
19-04-11 15:15:53	65.9	80.0	65.0	OFF	69.4	61.2	64.1	85.0	35.0	OFF	76.3	55.6	386	DRY	494	100	8.01	1000	8.11	3.22	OFF	OFF	90.0	90.0	OFF	35.0
19-04-11 15:30:12	66.2	80.0	65.0	OFF	69.4	61.2	64.5	85.0	35.0	OFF	76.3	55.6	384	DRY	494	100	8.3	1000	8.5	3.22	OFF	OFF	90.0	90.0	OFF	35.0
19-04-11 15:30:31	66.2	80.0	65.0	OFF	69.4	61.2	64.5	85.0	35.0	OFF	76.3	55.6	384	DRY	494	100	8.3	1000	8.5	3.22	OFF	OFF	90.0	90.0	OFF	35.0
19-04-11 15:30:51	66.2	80.0	65.0	OFF	69.4	61.2	64.5	85.0	35.0	OFF	76.3	55.6	384	DRY	494	100	8.11	1000	8.5	3.22	OFF	OFF	90.0	90.0	OFF	35.0
19-04-11 15:45:10	66.4	80.0	65.0	OFF	69.4	61.2	64.9	85.0	35.0	OFF	76.3	55.6	385	DRY	494	100	8.3	1000	8.5	3.22	OFF	OFF	90.0	90.0	OFF	35.0
19-04-11 15:45:29	66.4	80.0	65.0	OFF	69.4	61.2	64.9	85.0	35.0	OFF	76.3	55.6	385	DRY	494	100	8.3	1000	8.5	3.22	OFF	OFF	90.0	90.0	OFF	35.0
19-04-11 15:45:49	66.4	80.0	65.0	OFF	69.4	61.2	64.9	85.0	35.0	OFF	76.3	55.6	385	DRY	494	100	8.2	1000	8.5	3.22	OFF	OFF	90.0	90.0	OFF	35.0
19-04-11 16:00:08	66.6	80.0	65.0	OFF	69.4	61.2	65.2	85.0	35.0	OFF	76.3	55.6	385	DRY	494	100	8.5	1000	8.5	3.22	OFF	OFF	90.0	90.0	OFF	35.0
19-04-11 16:00:27	66.6	80.0	65.0	OFF	69.4	61.2	65.3	85.0	35.0	OFF	76.3	55.6	385	DRY	494	100	8.5	1000	8.5	3.22	OFF	OFF	90.0	90.0	OFF	35.0
19-04-11 16:00:46	66.7	80.0	65.0	OFF	69.4	61.2	65.3	85.0	35.0	OFF	76.3	55.6	385	DRY	494	100	8.5	1000	8.5	3.22	OFF	OFF	90.0	90.0	OFF	35.0
19-04-11 16:15:06	66.8	80.0	65.0	OFF	69.4	61.2	65.6	85.0	35.0	OFF	76.3	55.6	386	DRY	494	100	8.59	1000	8.69	3.22	OFF	OFF	90.0	90.0	OFF	35.0
19-04-11 16:15:25	66.8	80.0	65.0	OFF	69.4	61.2	65.6	85.0	35.0	OFF	76.3	55.6	386	DRY	494	100	8.59	1000	8.69	3.22	OFF	OFF	90.0	90.0	OFF	35.0
19-04-11 16:15:44	66.8	80.0	65.0	OFF	69.4	61.2	65.6	85.0	35.0	OFF	76.3	55.6	386	DRY	494	100	8.69	1000	8.69	3.22	OFF	OFF	90.0	90.0	OFF	35.0
19-04-11 16:30:04	67.0	80.0	65.0	OFF	69.4	61.2	65.8	85.0	35.0	OFF	76.3	55.6	387	DRY	494	100	8.89	1000	9.08	3.22	OFF	OFF	90.0	90.0	OFF	35.0
19-04-11 16:30:23	67.0	80.0	65.0	OFF	69.4	61.2	65.8	85.0	35.0	OFF	76.3	55.6	386	DRY	494	100	8.89	1000	9.08	3.22	OFF	OFF	90.0	90.0	OFF	35.0
19-04-11 16:30:42	67.0	80.0	65.0	OFF	69.4	61.2	65.8	85.0	35.0	OFF	76.3	55.6	387	DRY	494	100	8.69	1000	9.08	3.22	OFF	OFF	90.0	90.0	OFF	35.0
19-04-11 16:45:02	67.2	80.0	65.0	OFF	69.4	61.2	66.1	85.0	35.0	OFF	76.3	55.6	392	DRY	494	100	8.89	1000	9.18	3.22	OFF	OFF	90.0	90.0	OFF	35.0
19-04-11 16:45:21	67.2	80.0	65.0	OFF	69.4	61.2	66.1	85.0	35.0	OFF	76.3	55.6	392	DRY	494	100	8.79	1000	9.18	3.22	OFF	OFF	90.0	90.0	OFF	35.0
19-04-11 16:45:40	67.2	80.0	65.0	OFF	69.4	61.2	66.1	85.0	35.0	OFF	76.3	55.6	392	DRY	494	100	8.89	1000	9.18	3.22	OFF	OFF	90.0	90.0	OFF	35.0
19-04-11 16:45:59	67.2	80.0	65.0	OFF	69.4	61.2	66.1	85.0	35.0	OFF	76.3	55.6	393	DRY	494	100	8.89	1000	9.18	3.22	OFF	OFF	90.0	90.0	OFF	35.0
19-04-11 17:00:00	67.3	80.0	65.0	OFF	69.4	61.2	66.3	85.0	35.0	OFF	76.3	55.6	386	DRY	494	100	8.89	1000	9.18	3.22	OFF	OFF	90.0	90.0	OFF	35.0
19-04-11 17:00:19	67.4	80.0	65.0	OFF	69.4	61.2	66.3	85.0	35.0	OFF	76.3	55.6	386	DRY	494	100	8.89	1000	9.18	3.22	OFF	OFF	90.0	90.0	OFF	35.0
19-04-11 17:00:38	67.4	80.0	65.0	OFF	69.4	61.2	66.3	85.0	35.0	OFF	76.3	55.6	386	DRY	494	100	8.89	1000	9.18	3.22	OFF	OFF	90.0	90.0	OFF	35.0
19-04-11 17:00:57	67.4	80.0	65.0	OFF	69.4	61.2	66.3	85.0	35.0	OFF	76.3	55.6	386	DRY	494	100	9.08	1000	9.18	3.22	OFF	OFF	90.0	90.0	OFF	35.0
19-04-11 17:15:17	67.5	80.0	65.0	OFF	69.4	61.2	66.4	85.0	35.0	OFF	76.3	55.6	387	DRY	494	100	9.18	1000	9.28	3.22	OFF	OFF	90.0	90.0	OFF	35.0
19-04-11 17:15:36	67.5	80.0	65.0	OFF	69.4	61.2	66.4	85.0	35.0	OFF	76.3	55.6	386	DRY	494	100	9.18	1000	9.28	3.22	OFF	OFF	90.0	90.0	OFF	35.0
19-04-11 17:15:55	67.5	80.0	65.0	OFF	69.4	61.2	66.4	85.0	35.0	OFF	76.3	55.6	387	DRY	494	100	9.08	1000	9.28	3.22	OFF	OFF	90.0	90.0	OFF	35.0
19-04-11 17:30:15	67.7	80.0	65.0	OFF	69.4	61.2	66.6	85.0	35.0	OFF	76.3	55.6	387	DRY	494	100	9.18	1000	9.28	3.22	OFF	OFF	90.0	90.0	OFF	35.0
19-04-11 17:30:34	67.7	80.0	65.0	OFF	69.4	61.2	66.6	85.0	35.0	OFF	76.3	55.6	387	DRY	494	100	9.28	1000	9.28	3.22	OFF	OFF	90.0	90.0	OFF	35.0
19-04-11 17:30:53	67.7	80.0	65.0	OFF	69.4	61.2	66.6	85.0	35.0	OFF	76.3	55.6	386	DRY	494	100	9.18	1000	9.28	3.22	OFF	OFF	90.0	90.0	OFF	35.0
19-04-11 17:45:13	67.9	80.0	65.0	OFF	69.4	61.2	66.7	85.0	35.0	OFF	76.3	55.6	386	DRY	494	100	9.47	1000	9.47	3.22	OFF	OFF	90.0	90.0	OFF	35.0
19-04-11 17:45:32	67.8	80.0	65.0	OFF	69.4	61.2	66.6	85.0	35.0	OFF	76.3	55.6	387	DRY	494	100	9.38	1000	9.47	3.22	OFF	OFF	90.0	90.0	OFF	35.0
19-04-11 17:45:51	67.9	80.0	65.0	OFF	69.4	61.2	66.7	85.0	35.0	OFF	76.3	55.6	386	DRY	494	100	9.38	1000	9.47	3.22	OFF	OFF	90.0	90.0	OFF	35.0
19-04-11 18:00:11	68.0	80.0	65.0	OFF	69.4	61.2	66.7	85.0	35.0	OFF	76.3	55.6	391	DRY	494	100	9.47	1000	9.86	3.22	OFF	OFF	90.0	90.0	OFF	35.0
19-04-11 18:00:30	68.0	80.0	65.0	OFF	69.4	61.2	66.7	85.0	35.0	OFF	76.3	55.6	391	DRY	494	100	9.47	1000	9.86	3.22	OFF	OFF	90.0	90.0	OFF	35.0
19-04-11 18:00:49	68.0	80.0	65.0	OFF	69.4	61.2	66.7	85.0	35.0	OFF	76.3	55.6	390	DRY	494	100	9.57	1000	9.86	3.22	OFF	OFF	90.0	90.0	OFF	35.0
19-04-11 18:15:09	68.2	80.0	65.0	OFF	69.4	61.2	66.7	85.0	35.0	OFF	76.3	55.6	389	DRY	494	100	9.57	1000	9.86	3.22	OFF	OFF	90.0	90.0	OFF	35.0
19-04-11 18:15:28	68.1	80.0	65.0	OFF	69.4	61.2	66.7	85.0	35.0	OFF	76.3	55.6	389	DRY	494	100	9.57	1000	9.86	3.22	OFF	OFF	90.0	90.0	OFF	35.0
19-04-11 18:15:47	68.2	80.0	65.0	OFF	69.4	61.2	66.8	85.0	35.0	OFF	76.3	55.6	389	DRY	494	100	9.57	1000	9.86	3.22	OFF	OFF	90.0	90.0	OFF	35.0
19-04-11 18:30:07	68.3	80.0	65.0	OFF	69.4	61.2	66.7	85.0	35.0	OFF	76.3	55.6	389	DRY	494	100	9.57	1000	9.86	3.22	OFF	OFF	90.0	90.0	OFF	35.0
19-04-11 18:30:26	68.3	80.0	65.0	OFF	69.4	61.2	66.7	85.0	35.0	OFF	76.3	55.6	389	DRY	494	100	9.67	1000	9.86	3.22	OFF	OFF	90.0	90.0	OFF	35.0
19-04-11 18:30:45	68.3	80.0	65.0	OFF	69.4	61.2	66.7	85.0	35.0	OFF	76.3	55.6	388	DRY	494	100	9.86	1000	9.86	3.22	OFF	OFF	90.0	90.0	OFF	35.0
19-04-11 18:45:05	68.5	80.0	65.0	OFF	69.4	61.2	66.7	85.0	35.0	OFF	76.3	55.6	388	DRY	494	100	9.86	1000	10.06	3.22	OFF	OFF	90.0	90.0	OFF	35.0
19-04-11 18:45:24	68.5	80.0	65.0	OFF	69.4	61.2	66.8	85.0	35.0	OFF	76.3	55.6	388	DRY	494	100	9.86	1000	10.06	3.22	OFF	OFF	90.0	90.0	OFF	35.0
19-04-11 18:45:43	68.5	80.0	65.0	OFF	69.4	61.2	66.8	85.0	35.0	OFF	76.3	55.6	387	DRY	494	100	9.86	1000	10.06	3.22	OFF	OFF	90.0	90.0	OFF	35.0
19-04-11 19:00:03	68.6	80.0	65.0	OFF	69.4	61.2	66.8	85.0	35.0	OFF	76.3	55.6	388	DRY	494	100	10.06	1000	10.06	3.22	OFF	OFF	90.0	90.0	OFF	35.0
19-04-11 19:00:22	68.7	80.0	65.0	OFF	69.4	61.2	66.8	85.0	35.0	OFF	76.3	55.6	388	DRY	494	100	10.06	1000	10.06	3.22	OFF	OFF	90.0	90.0	OFF	35.0
19-04-11 19:00:41	68.6	80.0	65.0	OFF	69.4	61.2	66.7	85.0	35.0	OFF	76.3	55.6	388	DRY	494	100	10.06	1000	10.06	3.22	OFF	OFF	90.0	90.0	OFF	35.0
19-04-11 19:15:01	68.7	80.0	65.0	OFF	69.4	61.2	66.7	85.0	35.0	OFF	76.3	55.6	385	DRY	494	100	10.25	1000	10.25	3.22	OFF	OFF	90.0	90.0	OFF	35.0
19-04-11 19:15:20	68.7	80.0	65.0	OFF	69.4	61.2	66.7	85.0	35.0	OFF	76.3	55.6	386	DRY	494	100	10.45	1000	10.45	3.22	OFF	OFF	90.0	90.0	OFF	35.0
19-04-11 19:15:39	68.7	80.0	65.0	OFF	69.4	61.2	66.7	85.0	35.0	OFF	76.3	55.6	386	DRY	494	100	10.35	1000	10.45	3.22	OFF	OFF	90.0	90.0	OFF	35.0
19-04-11 19:15:58	68.7	80.0	65.0	OFF	69.4	61.2	66.7	85.0	35.0	OFF	76.3	55.6	386	DRY	494	100	10.25	1000	10.45	3.22	OFF	OFF	90.0	90.0	OFF	35.0
19-04-11 19:30:18	68.9	80.0	65.0	OFF	69.4	61.2	66.7	85.0	35.0	OFF	76.3	55.6	385	DRY	494	100	10.45	1000	10.64	3.22	OFF	OFF	90.0	90.0	OFF	35.0
19-04-11 19:30:37	68.8	80.0	65.0	OFF	69.4	61.2	66.6	85.0	35.0	OFF	76.3	55.6	384	DRY	494	100	10.35	1000	10.64	3.22	OFF	OFF	90.0	90.0	OFF	35.0
19-04-11 19:30:56	68.8	80.0	65.0	OFF	69.4	61.2	66.6	85.0	35.0	OFF	76.3	55.6	385	DRY	494	100	10.45	1000	10.64	3.22	OFF	OFF	90.0	90.0	OFF	35.0
19-04-11 19:45:16	68.9	80.0	65.0	OFF	69.4	61.2	66.6	85.0	35.0	OFF	76.3	55.6	381	DRY	494	100	10.64	1000	10.74	3.22	OFF	OFF	90.0	90.0	OFF	35.0
19-04-11 19:45:35	68.9	80.0	65.0	OFF	69.4	61.2	66.6	85.0	35.0	OFF	76.3	55.6	381	DRY	494	100	10.64	1000	10.74	3.22	OFF	OFF	90.0	90.0	OFF	35.0
19-04-11 19:45:54	69.0	80.0	65.0	OFF	69.4	61.2	66.7	85.0	35.0	OFF	76.3	55.6	381	DRY	494	100	10.74	1000	10.74	3.22	OFF	OFF	90.0	90.0	OFF	35.0
19-04-11 20:00:14	69.0	80.0	65.0	OFF	69.4	61.2	66.7	85.0	35.0	OFF	76.3	55.6	379	DRY	494	100	10.84	1000	10.84	3.22	OFF	OFF	90.0	90.0	OFF	35.0
19-04-11 20:00:33	69.0	80.0	65.0	OFF	69.4	61.2	66.7	85.0	35.0	OFF	76.3	55.6	379	DRY	494	100	10.84	1000	10.84	3.22	OFF	OFF	90.0	90.0	OFF	35.0
19-04-11 20:00:52	69.0	80.0	65.0	OFF	69.4	61.2	66.7	85.0	35.0	OFF	76.3	55.6	378	DRY	494	100	10.84	1000	10.84	3.22	OFF	OFF	90.0	90.0	OFF	35.0
19-04-11 20:15:10	69.1	80.0	65.0	OFF	69.4	61.2	66.7	85.0	35.0	OFF	76.3	55.6	376	DRY	494	100	10.94	1000	11.23	3.22	OFF	OFF	90.0	90.0	OFF	35.0
19-04-11 20:15:29	69.1	80.0	65.0	OFF	69.4	61.2	66.7	85.0	35.0	OFF	76.3	55.6	376	DRY	494	100	11.04	1000	11.23	3.22	OFF	OFF	90.0	90.0	OFF	35.0
19-04-11 20:15:48	69.1	80.0	65.0	OFF	69.4	61.2	66.7	85.0	35.0	OFF	76.3	55.6	377	DRY	494	100	10.94	1000	11.23	3.22	OFF	OFF	90.0	90.0	OFF	35.0
19-04-11 20:30:05	69.1	80.0	65.0	OFF	69.4	61.2	66.7	85.0	35.0	OFF	76.3	55.6	376	DRY	494	100	11.04	1000	11.23	3.22	OFF	OFF	90.0	90.0	OFF	35.0
19-04-11 20:30:24	69.1	80.0	65.0	OFF	69.4	61.2	66.7	85.0	35.0	OFF	76.3	55.6	376	DRY	494	100	11.04	1000	11.23	3.22	OFF	OFF	90.0	90.0	OFF	35.0
19-04-11 20:30:44	69.1	80.0	65.0	OFF	69.4	61.2	66.7	85.0	35.0	OFF	76.3	55.6	377	DRY	494	100	11.13	1000	11.23	3.22	OFF	OFF	90.0	90.0	OFF	35.0
19-04-11 20:45:01	69.2	80.0	65.0	OFF	69.4	61.2	66.6	85.0	35.0	OFF	76.3	55.6	374	DRY	494	100	11.13	1000	11.43	3.22	OFF	OFF	90.0	90.0	OFF	35.0
19-04-11 20:45:20	69.2	80.0	65.0	OFF	69.4	61.2	66.5	85.0	35.0	OFF	76.3	55.6	373	DRY	494	100	11.33	1000	11.43	3.22	OFF	OFF	90.0	90.0	OFF	35.0
19-04-11 20:45:39	69.2	80.0	65.0	OFF	69.4	61.2	66.5	85.0	35.0	OFF	76.3	55.6	373	DRY	494	100	11.52	1000	11.52	3.22	OFF	OFF	90.0	90.0	OFF	35.0
19-04-11 20:45:58	69.2	80.0	65.0	OFF	69.4	61.2	66.5	85.0	35.0	OFF	76.3	55.6	373	DRY	494	100	11.33	1000	11.52	3.22	OFF	OFF	90.0	90.0	OFF	35.0
