19-04-10 00:00:01	69.3	80.0	65.0	OFF	69.4	62.2	58.5	85.0	35.0	OFF	76.3	58.4	491	PERFECT	494	100	5.76	1000	5.96	4.1	OFF	OFF	90.0	90.0	OFF	35.0
19-04-10 00:00:21	69.3	80.0	65.0	OFF	69.4	62.2	58.5	85.0	35.0	OFF	76.3	58.4	490	PERFECT	494	100	5.86	1000	5.96	4.1	OFF	OFF	90.0	90.0	OFF	35.0
19-04-10 00:00:40	69.3	80.0	65.0	OFF	69.4	62.2	58.5	85.0	35.0	OFF	76.3	58.4	491	PERFECT	494	100	5.76	1000	5.96	4.1	OFF	OFF	90.0	90.0	OFF	35.0
19-04-10 00:00:59	69.3	80.0	65.0	OFF	69.4	62.2	58.5	85.0	35.0	OFF	76.3	58.4	490	PERFECT	494	100	5.86	1000	5.96	4.1	OFF	OFF	90.0	90.0	OFF	35.0
19-04-10 00:15:00	69.3	80.0	65.0	OFF	69.4	62.2	58.2	85.0	35.0	OFF	76.3	58.2	489	PERFECT	494	100	5.86	1000	5.96	4.1	OFF	OFF	90.0	90.0	OFF	35.0
19-04-10 00:15:19	69.3	80.0	65.0	OFF	69.4	62.2	58.2	85.0	35.0	OFF	76.3	58.2	490	PERFECT	494	100	5.66	1000	5.96	4.1	OFF	OFF	90.0	90.0	OFF	35.0
19-04-10 00:15:38	69.3	80.0	65.0	OFF	69.4	62.2	58.2	85.0	35.0	OFF	76.3	58.2	490	PERFECT	494	100	5.66	1000	5.96	4.1	OFF	OFF	90.0	90.0	OFF	35.0
19-04-10 00:15:57	69.3	80.0	65.0	OFF	69.4	62.2	58.2	85.0	35.0	OFF	76.3	58.2	490	PERFECT	494	100	5.47	1000	5.96	4.1	OFF	OFF	90.0	90.0	OFF	35.0
19-04-10 00:30:17	69.1	80.0	65.0	OFF	69.4	62.2	56.9	85.0	35.0	OFF	76.3	56.7	489	PERFECT	494	100	5.57	1000	6.54	4.1	OFF	OFF	90.0	90.0	OFF	35.0
19-04-10 00:30:36	69.1	80.0	65.0	OFF	69.4	62.2	57.0	85.0	35.0	OFF	76.3	56.7	491	PERFECT	494	100	5.27	1000	6.54	4.1	OFF	OFF	90.0	90.0	OFF	35.0
19-04-10 00:30:55	69.2	80.0	65.0	OFF	69.4	62.2	56.9	85.0	35.0	OFF	76.3	56.7	490	PERFECT	494	100	5.57	1000	6.54	4.1	OFF	OFF	90.0	90.0	OFF	35.0
19-04-10 00:45:15	69.0	80.0	65.0	OFF	69.4	62.2	56.5	85.0	35.0	OFF	76.3	56.3	489	PERFECT	494	100	5.18	1000	6.54	4.1	OFF	OFF	90.0	90.0	OFF	35.0
19-04-10 00:45:34	69.0	80.0	65.0	OFF	69.4	62.2	56.5	85.0	35.0	OFF	76.3	56.3	488	PERFECT	494	100	5.08	1000	6.54	4.1	OFF	OFF	90.0	90.0	OFF	35.0
19-04-10 00:45:53	69.0	80.0	65.0	OFF	69.4	62.2	56.4	85.0	35.0	OFF	76.3	56.3	488	PERFECT	494	100	4.98	1000	6.54	4.1	OFF	OFF	90.0	90.0	OFF	35.0
19-04-10 01:00:13	68.7	80.0	65.0	OFF	69.4	62.2	56.4	85.0	35.0	OFF	76.3	56.3	488	PERFECT	494	100	4.98	1000	6.54	4.1	OFF	OFF	90.0	90.0	OFF	35.0
19-04-10 01:00:32	68.7	80.0	65.0	OFF	69.4	62.2	56.4	85.0	35.0	OFF	76.3	56.3	488	PERFECT	494	100	4.88	1000	6.54	4.1	OFF	OFF	90.0	90.0	OFF	35.0
19-04-10 01:00:51	68.7	80.0	65.0	OFF	69.4	62.2	56.4	85.0	35.0	OFF	76.3	56.3	488	PERFECT	494	100	4.98	1000	6.54	4.1	OFF	OFF	90.0	90.0	OFF	35.0
19-04-10 01:15:11	68.4	80.0	65.0	OFF	69.4	62.2	56.5	85.0	35.0	OFF	76.3	56.3	487	PERFECT	494	100	4.69	1000	6.54	4.1	OFF	OFF	90.0	90.0	OFF	35.0
19-04-10 01:15:30	68.4	80.0	65.0	OFF	69.4	62.2	56.5	85.0	35.0	OFF	76.3	56.3	488	PERFECT	494	100	4.69	1000	6.54	4.1	OFF	OFF	90.0	90.0	OFF	35.0
19-04-10 01:15:49	68.4	80.0	65.0	OFF	69.4	62.2	56.5	85.0	35.0	OFF	76.3	56.3	487	PERFECT	494	100	4.69	1000	6.54	4.1	OFF	OFF	90.0	90.0	OFF	35.0
19-04-10 01:30:09	68.2	80.0	65.0	OFF	69.4	62.2	56.6	85.0	35.0	OFF	76.3	56.3	487	PERFECT	494	100	4.59	1000	6.54	4.1	OFF	OFF	90.0	90.0	OFF	35.0
19-04-10 01:30:28	68.2	80.0	65.0	OFF	69.4	62.2	56.6	85.0	35.0	OFF	76.3	56.3	487	PERFECT	494	100	4.59	1000	6.54	4.1	OFF	OFF	90.0	90.0	OFF	35.0
19-04-10 01:30:47	68.2	80.0	65.0	OFF	69.4	62.2	56.5	85.0	35.0	OFF	76.3	56.3	487	PERFECT	494	100	4.59	1000	6.54	4.1	OFF	OFF	90.0	90.0	OFF	35.0
19-04-10 01:45:07	67.9	80.0	65.0	OFF	69.4	62.2	56.1	85.0	35.0	OFF	76.3	56.1	486	PERFECT	494	100	4.3	1000	6.54	4.1	OFF	OFF	90.0	90.0	OFF	35.0
19-04-10 01:45:26	67.9	80.0	65.0	OFF	69.4	62.2	56.1	85.0	35.0	OFF	76.3	56.1	486	PERFECT	494	100	4.2	1000	6.54	4.1	OFF	OFF	90.0	90.0	OFF	35.0
19-04-10 01:45:45	67.9	80.0	65.0	OFF	69.4	62.2	56.3	85.0	35.0	OFF	76.3	56.1	485	PERFECT	494	100	4.2	1000	6.54	4.1	OFF	OFF	90.0	90.0	OFF	35.0
19-04-10 02:00:05	67.6	80.0	65.0	OFF	69.4	62.2	55.8	85.0	35.0	OFF	76.3	55.7	485	PERFECT	494	100	4.2	1000	6.54	4.0	OFF	OFF	90.0	90.0	OFF	35.0
19-04-10 02:00:24	67.6	80.0	65.0	OFF	69.4	62.2	55.8	85.0	35.0	OFF	76.3	55.7	485	PERFECT	494	100	4.2	1000	6.54	4.0	OFF	OFF	90.0	90.0	OFF	35.0
19-04-10 02:00:43	67.6	80.0	65.0	OFF	69.4	62.2	55.8	85.0	35.0	OFF	76.3	55.7	485	PERFECT	494	100	4.2	1000	6.54	4.0	OFF	OFF	90.0	90.0	OFF	35.0
19-04-10 02:15:03	67.4	80.0	65.0	OFF	69.4	62.2	56.0	85.0	35.0	OFF	76.3	55.7	484	PERFECT	494	100	4.39	1000	6.54	4.0	OFF	OFF	90.0	90.0	OFF	35.0
19-04-10 02:15:22	67.4	80.0	65.0	OFF	69.4	62.2	56.0	85.0	35.0	OFF	76.3	55.7	484	PERFECT	494	100	4.2	1000	6.54	4.0	OFF	OFF	90.0	90.0	OFF	35.0
19-04-10 02:15:41	67.4	80.0	65.0	OFF	69.4	62.2	56.0	85.0	35.0	OFF	76.3	55.7	483	PERFECT	494	100	4.2	1000	6.54	4.0	OFF	OFF	90.0	90.0	OFF	35.0
19-04-10 02:30:01	67.3	80.0	65.0	OFF	69.4	62.2	56.1	85.0	35.0	OFF	76.3	55.7	482	PERFECT	494	100	4.39	1000	6.54	4.0	OFF	OFF	90.0	90.0	OFF	35.0
19-04-10 02:30:20	67.3	80.0	65.0	OFF	69.4	62.2	56.1	85.0	35.0	OFF	76.3	55.7	482	PERFECT	494	100	4.2	1000	6.54	4.0	OFF	OFF	90.0	90.0	OFF	35.0
19-04-10 02:30:39	67.3	80.0	65.0	OFF	69.4	62.2	56.2	85.0	35.0	OFF	76.3	55.7	482	PERFECT	494	100	4.39	1000	6.54	4.0	OFF	OFF	90.0	90.0	OFF	35.0
19-04-10 02:30:58	67.3	80.0	65.0	OFF	69.4	62.2	56.1	85.0	35.0	OFF	76.3	55.7	481	PERFECT	494	100	4.3	1000	6.54	4.0	OFF	OFF	90.0	90.0	OFF	35.0
19-04-10 02:45:18	67.0	80.0	65.0	OFF	69.4	62.2	56.1	85.0	35.0	OFF	76.3	55.7	481	PERFECT	494	100	4.2	1000	6.54	3.91	OFF	OFF	90.0	90.0	OFF	35.0
19-04-10 02:45:37	67.1	80.0	65.0	OFF	69.4	62.2	56.1	85.0	35.0	OFF	76.3	55.7	480	PERFECT	494	100	4.1	1000	6.54	3.91	OFF	OFF	90.0	90.0	OFF	35.0
19-04-10 02:45:56	67.1	80.0	65.0	OFF	69.4	62.2	56.1	85.0	35.0	OFF	76.3	55.7	480	PERFECT	494	100	4.1	1000	6.54	3.91	OFF	OFF	90.0	90.0	OFF	35.0
19-04-10 03:00:16	66.9	80.0	65.0	OFF	69.4	62.2	56.0	85.0	35.0	OFF	76.3	55.7	478	PERFECT	494	100	4.0	1000	6.54	3.91	OFF	OFF	90.0	90.0	OFF	35.0
19-04-10 03:00:35	66.9	80.0	65.0	OFF	69.4	62.2	56.0	85.0	35.0	OFF	76.3	55.7	478	PERFECT	494	100	4.0	1000	6.54	3.91	OFF	OFF	90.0	90.0	OFF	35.0
19-04-10 03:00:54	66.8	80.0	65.0	OFF	69.4	62.2	55.9	85.0	35.0	OFF	76.3	55.7	479	PERFECT	494	100	3.91	1000	6.54	3.91	OFF	OFF	90.0	90.0	OFF	35.0
19-04-10 03:15:15	66.8	80.0	65.0	OFF	69.4	62.2	56.1	85.0	35.0	OFF	76.3	55.7	479	PERFECT	494	100	4.0	1000	6.54	3.91	OFF	OFF	90.0	90.0	OFF	35.0
19-04-10 03:15:34	66.7	80.0	65.0	OFF	69.4	62.2	56.0	85.0	35.0	OFF	76.3	55.7	480	PERFECT	494	100	4.2	1000	6.54	3.91	OFF	OFF	90.0	90.0	OFF	35.0
19-04-10 03:15:53	66.7	80.0	65.0	OFF	69.4	62.2	56.0	85.0	35.0	OFF	76.3	55.7	479	PERFECT	494	100	4.2	1000	6.54	3.91	OFF	OFF	90.0	90.0	OFF	35.0
19-04-10 03:30:13	66.6	80.0	65.0	OFF	69.4	62.2	56.0	85.0	35.0	OFF	76.3	55.7	478	PERFECT	494	100	4.1	1000	6.54	3.91	OFF	OFF	90.0	90.0	OFF	35.0
19-04-10 03:30:32	66.6	80.0	65.0	OFF	69.4	62.2	56.0	85.0	35.0	OFF	76.3	55.7	477	PERFECT	494	100	4.2	1000	6.54	3.91	OFF	OFF	90.0	90.0	OFF	35.0
19-04-10 03:30:51	66.6	80.0	65.0	OFF	69.4	62.2	56.0	85.0	35.0	OFF	76.3	55.7	478	PERFECT	494	100	4.1	1000	6.54	3.91	OFF	OFF	90.0	90.0	OFF	35.0
19-04-10 03:45:11	66.4	80.0	65.0	OFF	69.4	62.2	56.0	85.0	35.0	OFF	76.3	55.7	477	PERFECT	494	100	3.91	1000	6.54	3.91	OFF	OFF	90.0	90.0	OFF	35.0
19-04-10 03:45:30	66.4	80.0	65.0	OFF	69.4	62.2	56.0	85.0	35.0	OFF	76.3	55.7	477	PERFECT	494	100	4.0	1000	6.54	3.91	OFF	OFF	90.0	90.0	OFF	35.0
19-04-10 03:45:49	66.4	80.0	65.0	OFF	69.4	62.2	55.9	85.0	35.0	OFF	76.3	55.7	477	PERFECT	494	100	4.0	1000	6.54	3.91	OFF	OFF	90.0	90.0	OFF	35.0
19-04-10 04:00:09	66.2	80.0	65.0	OFF	69.4	62.2	55.8	85.0	35.0	OFF	76.3	55.7	476	PERFECT	494	100	3.91	1000	6.54	3.81	OFF	OFF	90.0	90.0	OFF	35.0
19-04-10 04:00:28	66.2	80.0	65.0	OFF	69.4	62.2	55.8	85.0	35.0	OFF	76.3	55.7	476	PERFECT	494	100	4.0	1000	6.54	3.81	OFF	OFF	90.0	90.0	OFF	35.0
19-04-10 04:00:48	66.2	80.0	65.0	OFF	69.4	62.2	55.9	85.0	35.0	OFF	76.3	55.7	476	PERFECT	494	100	4.0	1000	6.54	3.81	OFF	OFF	90.0	90.0	OFF	35.0
19-04-10 04:15:07	66.0	80.0	65.0	OFF	69.4	62.2	55.9	85.0	35.0	OFF	76.3	55.7	475	PERFECT	494	100	4.1	1000	6.54	3.71	OFF	OFF	90.0	90.0	OFF	35.0
19-04-10 04:15:27	66.0	80.0	65.0	OFF	69.4	62.2	55.9	85.0	35.0	OFF	76.3	55.7	475	PERFECT	494	100	4.0	1000	6.54	3.71	OFF	OFF	90.0	90.0	OFF	35.0
19-04-10 04:15:46	66.0	80.0	65.0	OFF	69.4	62.2	55.9	85.0	35.0	OFF	76.3	55.7	475	PERFECT	494	100	4.0	1000	6.54	3.71	OFF	OFF	90.0	90.0	OFF	35.0
19-04-10 04:30:06	65.8	80.0	65.0	OFF	69.4	62.2	55.8	85.0	35.0	OFF	76.3	55.7	473	PERFECT	494	100	3.91	1000	6.54	3.71	OFF	OFF	90.0	90.0	OFF	35.0
19-04-10 04:30:25	65.8	80.0	65.0	OFF	69.4	62.2	55.8	85.0	35.0	OFF	76.3	55.7	473	PERFECT	494	100	3.91	1000	6.54	3.71	OFF	OFF	90.0	90.0	OFF	35.0
19-04-10 04:30:44	65.8	80.0	65.0	OFF	69.4	62.2	55.8	85.0	35.0	OFF	76.3	55.7	474	PERFECT	494	100	4.0	1000	6.54	3.71	OFF	OFF	90.0	90.0	OFF	35.0
19-04-10 04:45:03	65.6	80.0	65.0	OFF	69.4	62.2	55.9	85.0	35.0	OFF	76.3	55.7	472	PERFECT	494	100	4.0	1000	6.54	3.71	OFF	OFF	90.0	90.0	OFF	35.0
19-04-10 04:45:23	65.6	80.0	65.0	OFF	69.4	62.2	55.9	85.0	35.0	OFF	76.3	55.7	473	PERFECT	494	100	4.0	1000	6.54	3.71	OFF	OFF	90.0	90.0	OFF	35.0
19-04-10 04:45:42	65.6	80.0	65.0	OFF	69.4	62.2	55.9	85.0	35.0	OFF	76.3	55.7	473	PERFECT	494	100	3.91	1000	6.54	3.71	OFF	OFF	90.0	90.0	OFF	35.0
19-04-10 05:00:02	65.5	80.0	65.0	OFF	69.4	62.2	55.8	85.0	35.0	OFF	76.3	55.7	472	PERFECT	494	100	3.81	1000	6.54	3.71	OFF	OFF	90.0	90.0	OFF	35.0
19-04-10 05:00:21	65.5	80.0	65.0	OFF	69.4	62.2	55.8	85.0	35.0	OFF	76.3	55.7	472	PERFECT	494	100	3.81	1000	6.54	3.71	OFF	OFF	90.0	90.0	OFF	35.0
19-04-10 05:00:40	65.4	80.0	65.0	OFF	69.4	62.2	55.8	85.0	35.0	OFF	76.3	55.7	472	PERFECT	494	100	3.81	1000	6.54	3.71	OFF	OFF	90.0	90.0	OFF	35.0
19-04-10 05:00:59	65.4	80.0	65.0	OFF	69.4	62.2	55.8	85.0	35.0	OFF	76.3	55.7	471	PERFECT	494	100	3.81	1000	6.54	3.71	OFF	OFF	90.0	90.0	OFF	35.0
19-04-10 05:15:00	65.3	80.0	65.0	OFF	69.4	62.2	55.8	85.0	35.0	OFF	76.3	55.7	471	PERFECT	494	100	3.71	1000	6.54	3.71	OFF	OFF	90.0	90.0	OFF	35.0
19-04-10 05:15:19	65.3	80.0	65.0	OFF	69.4	62.2	55.8	85.0	35.0	OFF	76.3	55.7	469	PERFECT	494	100	3.81	1000	6.54	3.71	OFF	OFF	90.0	90.0	OFF	35.0
19-04-10 05:15:38	65.3	80.0	65.0	OFF	69.4	62.2	55.8	85.0	35.0	OFF	76.3	55.7	471	PERFECT	494	100	3.81	1000	6.54	3.71	OFF	OFF	90.0	90.0	OFF	35.0
19-04-10 05:15:57	65.3	80.0	65.0	OFF	69.4	62.2	55.8	85.0	35.0	OFF	76.3	55.7	471	PERFECT	494	100	3.91	1000	6.54	3.71	OFF	OFF	90.0	90.0	OFF	35.0
19-04-10 05:30:17	65.1	80.0	65.0	OFF	69.4	62.2	55.8	85.0	35.0	OFF	76.3	55.7	471	PERFECT	494	100	3.71	1000	6.54	3.61	OFF	OFF	90.0	90.0	OFF	35.0
19-04-10 05:30:36	65.1	80.0	65.0	OFF	69.4	62.2	55.8	85.0	35.0	OFF	76.3	55.7	469	PERFECT	494	100	3.81	1000	6.54	3.61	OFF	OFF	90.0	90.0	OFF	35.0
19-04-10 05:30:55	65.0	80.0	65.0	ON	69.4	62.2	55.8	85.0	35.0	OFF	76.3	55.7	471	PERFECT	494	100	3.71	1000	6.54	3.61	OFF	OFF	90.0	90.0	OFF	35.0
19-04-10 05:45:14	64.9	80.0	65.0	ON	69.4	62.2	55.9	85.0	35.0	OFF	76.3	55.7	473	PERFECT	494	100	3.81	1000	6.54	3.61	OFF	OFF	90.0	90.0	OFF	35.0
19-04-10 05:45:34	64.9	80.0	65.0	ON	69.4	62.2	55.9	85.0	35.0	OFF	76.3	55.7	473	PERFECT	494	100	3.81	1000	6.54	3.61	OFF	OFF	90.0	90.0	OFF	35.0
19-04-10 05:45:53	64.9	80.0	65.0	ON	69.4	62.2	55.9	85.0	35.0	OFF	76.3	55.7	473	PERFECT	494	100	3.81	1000	6.54	3.61	OFF	OFF	90.0	90.0	OFF	35.0
19-04-10 06:00:12	64.8	80.0	65.0	ON	69.4	62.2	55.9	85.0	35.0	OFF	76.3	55.7	474	PERFECT	494	100	3.81	1000	6.54	3.52	OFF	OFF	90.0	90.0	OFF	35.0
19-04-10 06:00:31	64.8	80.0	65.0	ON	69.4	62.2	55.9	85.0	35.0	OFF	76.3	55.7	474	PERFECT	494	100	3.81	1000	6.54	3.52	OFF	OFF	90.0	90.0	OFF	35.0
19-04-10 06:00:51	64.8	80.0	65.0	ON	69.4	62.2	55.8	85.0	35.0	OFF	76.3	55.7	474	PERFECT	494	100	3.81	1000	6.54	3.52	OFF	OFF	90.0	90.0	OFF	35.0
19-04-10 06:15:10	64.7	80.0	65.0	ON	69.4	62.2	56.0	85.0	35.0	OFF	76.3	55.7	473	PERFECT	494	100	3.81	1000	6.54	3.52	OFF	OFF	90.0	90.0	OFF	35.0
19-04-10 06:15:29	64.7	80.0	65.0	ON	69.4	62.2	55.9	85.0	35.0	OFF	76.3	55.7	472	PERFECT	494	100	3.81	1000	6.54	3.52	OFF	OFF	90.0	90.0	OFF	35.0
19-04-10 06:15:48	64.7	80.0	65.0	ON	69.4	62.2	55.9	85.0	35.0	OFF	76.3	55.7	473	PERFECT	494	100	3.81	1000	6.54	3.52	OFF	OFF	90.0	90.0	OFF	35.0
19-04-10 06:30:08	64.7	80.0	65.0	ON	69.4	62.2	55.7	85.0	35.0	OFF	76.3	55.7	473	PERFECT	494	100	3.71	1000	6.54	3.52	OFF	OFF	90.0	90.0	OFF	35.0
19-04-10 06:30:27	64.7	80.0	65.0	ON	69.4	62.2	55.7	85.0	35.0	OFF	76.3	55.7	473	PERFECT	494	100	3.81	1000	6.54	3.52	OFF	OFF	90.0	90.0	OFF	35.0
19-04-10 06:30:46	64.7	80.0	65.0	ON	69.4	62.2	55.8	85.0	35.0	OFF	76.3	55.7	473	PERFECT	494	100	3.81	1000	6.54	3.52	OFF	OFF	90.0	90.0	OFF	35.0
19-04-10 06:45:06	64.6	80.0	65.0	ON	69.4	62.2	55.8	85.0	35.0	OFF	76.3	55.6	472	PERFECT	494	100	3.81	1000	6.54	3.52	OFF	OFF	90.0	90.0	OFF	35.0
19-04-10 06:45:25	64.5	80.0	65.0	ON	69.4	62.2	55.7	85.0	35.0	OFF	76.3	55.6	471	PERFECT	494	100	3.81	1000	6.54	3.52	OFF	OFF	90.0	90.0	OFF	35.0
19-04-10 06:45:44	64.5	80.0	65.0	ON	69.4	62.2	55.7	85.0	35.0	OFF	76.3	55.6	471	PERFECT	494	100	3.81	1000	6.54	3.52	OFF	OFF	90.0	90.0	OFF	35.0
19-04-10 07:00:04	64.4	80.0	65.0	ON	69.4	62.2	55.9	85.0	35.0	OFF	76.3	55.6	471	PERFECT	494	100	3.81	1000	6.54	3.52	OFF	OFF	90.0	90.0	OFF	35.0
19-04-10 07:00:23	64.4	80.0	65.0	ON	69.4	62.2	55.9	85.0	35.0	OFF	76.3	55.6	471	PERFECT	494	100	4.0	1000	6.54	3.52	OFF	OFF	90.0	90.0	OFF	35.0
19-04-10 07:00:42	64.4	80.0	65.0	ON	69.4	62.2	55.9	85.0	35.0	OFF	76.3	55.6	472	PERFECT	494	100	3.71	1000	6.54	3.52	OFF	OFF	90.0	90.0	OFF	35.0
19-04-10 07:15:02	64.3	80.0	65.0	ON	69.4	62.2	56.0	85.0	35.0	OFF	76.3	55.6	472	PERFECT	494	100	3.61	1000	6.54	3.52	OFF	OFF	90.0	90.0	OFF	35.0
19-04-10 07:15:21	64.3	80.0	65.0	ON	69.4	62.2	55.9	85.0	35.0	OFF	76.3	55.6	471	PERFECT	494	100	3.61	1000	6.54	3.52	OFF	OFF	90.0	90.0	OFF	35.0
19-04-10 07:15:41	64.3	80.0	65.0	ON	69.4	62.2	56.0	85.0	35.0	OFF	76.3	55.6	471	PERFECT	494	100	3.42	1000	6.54	3.42	OFF	OFF	90.0	90.0	OFF	35.0
19-04-10 07:30:00	64.1	80.0	65.0	ON	69.4	62.2	56.1	85.0	35.0	OFF	76.3	55.6	471	PERFECT	494	100	3.81	1000	6.54	3.42	OFF	OFF	90.0	90.0	OFF	35.0
19-04-10 07:30:19	64.0	80.0	65.0	ON	69.4	62.2	56.0	85.0	35.0	OFF	76.3	55.6	470	PERFECT	494	100	3.71	1000	6.54	3.42	OFF	OFF	90.0	90.0	OFF	35.0
19-04-10 07:30:39	64.1	80.0	65.0	ON	69.4	62.2	56.1	85.0	35.0	OFF	76.3	55.6	471	PERFECT	494	100	3.61	1000	6.54	3.42	OFF	OFF	90.0	90.0	OFF	35.0
19-04-10 07:30:58	64.0	80.0	65.0	ON	69.4	62.2	56.0	85.0	35.0	OFF	76.3	55.6	471	PERFECT	494	100	3.61	1000	6.54	3.42	OFF	OFF	90.0	90.0	OFF	35.0
19-04-10 07:45:17	63.9	80.0	65.0	ON	69.4	62.2	56.1	85.0	35.0	OFF	76.3	55.6	469	PERFECT	494	100	3.81	1000	6.54	3.42	OFF	OFF	90.0	90.0	OFF	35.0
19-04-10 07:45:36	63.9	80.0	65.0	ON	69.4	62.2	56.1	85.0	35.0	OFF	76.3	55.6	470	PERFECT	494	100	3.61	1000	6.54	3.42	OFF	OFF	90.0	90.0	OFF	35.0
19-04-10 07:45:55	63.9	80.0	65.0	ON	69.4	62.2	56.1	85.0	35.0	OFF	76.3	55.6	470	PERFECT	494	100	3.61	1000	6.54	3.42	OFF	OFF	90.0	90.0	OFF	35.0
19-04-10 08:00:15	63.8	80.0	65.0	ON	69.4	62.2	56.1	85.0	35.0	OFF	76.3	55.6	470	PERFECT	494	100	3.61	1000	6.54	3.42	OFF	OFF	90.0	90.0	OFF	35.0
19-04-10 08:00:34	63.8	80.0	65.0	ON	69.4	62.2	56.1	85.0	35.0	OFF	76.3	55.6	470	PERFECT	494	100	3.61	1000	6.54	3.42	OFF	OFF	90.0	90.0	OFF	35.0
19-04-10 08:00:53	63.8	80.0	65.0	ON	69.4	62.2	56.1	85.0	35.0	OFF	76.3	55.6	470	PERFECT	494	100	3.61	1000	6.54	3.42	OFF	OFF	90.0	90.0	OFF	35.0
19-04-10 08:15:13	63.7	80.0	65.0	ON	69.4	62.2	56.0	85.0	35.0	OFF	76.3	55.6	470	PERFECT	494	100	3.42	1000	6.54	3.42	OFF	OFF	90.0	90.0	OFF	35.0
19-04-10 08:15:32	63.7	80.0	65.0	ON	69.4	62.2	56.1	85.0	35.0	OFF	76.3	55.6	469	PERFECT	494	100	3.52	1000	6.54	3.42	OFF	OFF	90.0	90.0	OFF	35.0
19-04-10 08:15:51	63.7	80.0	65.0	ON	69.4	62.2	56.0	85.0	35.0	OFF	76.3	55.6	469	PERFECT	494	100	3.61	1000	6.54	3.42	OFF	OFF	90.0	90.0	OFF	35.0
19-04-10 08:30:11	63.4	80.0	65.0	ON	69.4	62.2	56.2	85.0	35.0	OFF	76.3	55.6	469	PERFECT	494	100	3.61	1000	6.54	3.42	OFF	OFF	90.0	90.0	OFF	35.0
19-04-10 08:30:30	63.4	80.0	65.0	ON	69.4	62.2	56.2	85.0	35.0	OFF	76.3	55.6	469	PERFECT	494	100	3.42	1000	6.54	3.42	OFF	OFF	90.0	90.0	OFF	35.0
19-04-10 08:30:49	63.5	80.0	65.0	ON	69.4	62.2	56.2	85.0	35.0	OFF	76.3	55.6	468	PERFECT	494	100	3.61	1000	6.54	3.42	OFF	OFF	90.0	90.0	OFF	35.0
19-04-10 08:45:09	63.2	80.0	65.0	ON	69.4	62.2	56.3	85.0	35.0	OFF	76.3	55.6	467	PERFECT	494	100	3.52	1000	6.54	3.42	OFF	OFF	90.0	90.0	OFF	35.0
19-04-10 08:45:28	63.3	80.0	65.0	ON	69.4	62.2	56.3	85.0	35.0	OFF	76.3	55.6	467	PERFECT	494	100	3.52	1000	6.54	3.42	OFF	OFF	90.0	90.0	OFF	35.0
19-04-10 08:45:47	63.2	80.0	65.0	ON	69.4	62.2	56.3	85.0	35.0	OFF	76.3	55.6	467	PERFECT	494	100	3.52	1000	6.54	3.42	OFF	OFF	90.0	90.0	OFF	35.0
19-04-10 09:00:07	63.1	80.0	65.0	ON	69.4	62.2	56.4	85.0	35.0	OFF	76.3	55.6	467	PERFECT	494	100	3.42	1000	6.54	3.32	OFF	OFF	90.0	90.0	OFF	35.0
19-04-10 09:00:26	63.1	80.0	65.0	ON	69.4	62.2	56.4	85.0	35.0	OFF	76.3	55.6	466	PERFECT	494	100	3.42	1000	6.54	3.32	OFF	OFF	90.0	90.0	OFF	35.0
19-04-10 09:00:45	63.1	80.0	65.0	ON	69.4	62.2	56.4	85.0	35.0	OFF	76.3	55.6	466	PERFECT	494	100	3.61	1000	6.54	3.32	OFF	OFF	90.0	90.0	OFF	35.0
19-04-10 09:15:05	63.0	80.0	65.0	ON	69.4	62.2	56.5	85.0	35.0	OFF	76.3	55.6	464	PERFECT	494	100	3.52	1000	6.54	3.32	OFF	OFF	90.0	90.0	OFF	35.0
19-04-10 09:15:24	63.0	80.0	65.0	ON	69.4	62.2	56.5	85.0	35.0	OFF	76.3	55.6	465	PERFECT	494	100	3.42	1000	6.54	3.32	OFF	OFF	90.0	90.0	OFF	35.0
19-04-10 09:15:43	63.0	80.0	65.0	ON	69.4	62.2	56.5	85.0	35.0	OFF	76.3	55.6	465	PERFECT	494	100	3.42	1000	6.54	3.32	OFF	OFF	90.0	90.0	OFF	35.0
19-04-10 09:30:03	62.9	80.0	65.0	ON	69.4	62.2	56.5	85.0	35.0	OFF	76.3	55.6	471	PERFECT	494	100	3.42	1000	6.54	3.32	OFF	OFF	90.0	90.0	OFF	35.0
19-04-10 09:30:22	62.9	80.0	65.0	ON	69.4	62.2	56.5	85.0	35.0	OFF	76.3	55.6	471	PERFECT	494	100	3.42	1000	6.54	3.32	OFF	OFF	90.0	90.0	OFF	35.0
19-04-10 09:30:41	62.9	80.0	65.0	ON	69.4	62.2	56.5	85.0	35.0	OFF	76.3	55.6	470	PERFECT	494	100	3.42	1000	6.54	3.32	OFF	OFF	90.0	90.0	OFF	35.0
19-04-10 09:45:01	62.8	80.0	65.0	ON	69.4	62.2	56.6	85.0	35.0	OFF	76.3	55.6	469	PERFECT	494	100	3.32	1000	6.54	3.32	OFF	OFF	90.0	90.0	OFF	35.0
19-04-10 09:45:20	62.8	80.0	65.0	ON	69.4	62.2	56.6	85.0	35.0	OFF	76.3	55.6	469	PERFECT	494	100	3.42	1000	6.54	3.32	OFF	OFF	90.0	90.0	OFF	35.0
19-04-10 09:45:39	62.8	80.0	65.0	ON	69.4	62.2	56.6	85.0	35.0	OFF	76.3	55.6	468	PERFECT	494	100	3.32	1000	6.54	3.32	OFF	OFF	90.0	90.0	OFF	35.0
19-04-10 09:45:58	62.7	80.0	65.0	ON	69.4	62.2	56.6	85.0	35.0	OFF	76.3	55.6	469	PERFECT	494	100	3.52	1000	6.54	3.32	OFF	OFF	90.0	90.0	OFF	35.0
19-04-10 10:00:18	62.6	80.0	65.0	ON	69.4	62.2	56.7	85.0	35.0	OFF	76.3	55.6	468	PERFECT	494	100	3.42	1000	6.54	3.32	OFF	OFF	90.0	90.0	OFF	35.0
19-04-10 10:00:37	62.6	80.0	65.0	ON	69.4	62.2	56.7	85.0	35.0	OFF	76.3	55.6	468	PERFECT	494	100	3.42	1000	6.54	3.32	OFF	OFF	90.0	90.0	OFF	35.0
19-04-10 10:00:56	62.6	80.0	65.0	ON	69.4	62.2	56.7	85.0	35.0	OFF	76.3	55.6	467	PERFECT	494	100	3.42	1000	6.54	3.32	OFF	OFF	90.0	90.0	OFF	35.0
19-04-10 10:15:16	62.5	80.0	65.0	ON	69.4	62.2	56.7	85.0	35.0	OFF	76.3	55.6	467	PERFECT	494	100	3.42	1000	6.54	3.32	OFF	OFF	90.0	90.0	OFF	35.0
19-04-10 10:15:35	62.5	80.0	65.0	ON	69.4	62.2	56.7	85.0	35.0	OFF	76.3	55.6	467	PERFECT	494	100	3.52	1000	6.54	3.32	OFF	OFF	90.0	90.0	OFF	35.0
19-04-10 10:15:54	62.5	80.0	65.0	ON	69.4	62.2	56.7	85.0	35.0	OFF	76.3	55.6	467	PERFECT	494	100	3.52	1000	6.54	3.32	OFF	OFF	90.0	90.0	OFF	35.0
19-04-10 10:30:12	62.4	80.0	65.0	ON	69.4	62.2	56.8	85.0	35.0	OFF	76.3	55.6	466	PERFECT	494	100	3.42	1000	6.54	3.32	OFF	OFF	90.0	90.0	OFF	35.0
19-04-10 10:30:31	62.4	80.0	65.0	ON	69.4	62.2	56.9	85.0	35.0	OFF	76.3	55.6	464	PERFECT	494	100	3.42	1000	6.54	3.32	OFF	OFF	90.0	90.0	OFF	35.0
19-04-10 10:30:50	62.4	80.0	65.0	ON	69.4	62.2	56.9	85.0	35.0	OFF	76.3	55.6	466	PERFECT	494	100	3.42	1000	6.54	3.32	OFF	OFF	90.0	90.0	OFF	35.0
19-04-10 10:45:07	62.4	80.0	65.0	ON	69.4	62.2	56.6	85.0	35.0	OFF	76.3	55.6	464	PERFECT	494	100	3.42	1000	6.54	3.22	OFF	OFF	90.0	90.0	OFF	35.0
19-04-10 10:45:26	62.4	80.0	65.0	ON	69.4	62.2	56.6	85.0	35.0	OFF	76.3	55.6	465	PERFECT	494	100	3.42	1000	6.54	3.22	OFF	OFF	90.0	90.0	OFF	35.0
19-04-10 10:45:45	62.4	80.0	65.0	ON	69.4	62.2	56.6	85.0	35.0	OFF	76.3	55.6	465	PERFECT	494	100	3.61	1000	6.54	3.22	OFF	OFF	90.0	90.0	OFF	35.0
19-04-10 11:00:03	62.4	80.0	65.0	ON	69.4	62.2	56.6	85.0	35.0	OFF	76.3	55.6	465	PERFECT	494	100	3.42	1000	6.54	3.22	OFF	OFF	90.0	90.0	OFF	35.0
19-04-10 11:00:22	62.4	80.0	65.0	ON	69.4	62.2	56.7	85.0	35.0	OFF	76.3	55.6	465	PERFECT	494	100	3.52	1000	6.54	3.22	OFF	OFF	90.0	90.0	OFF	35.0
19-04-10 11:00:41	62.4	80.0	65.0	ON	69.4	62.2	56.7	85.0	35.0	OFF	76.3	55.6	465	PERFECT	494	100	3.42	1000	6.54	3.22	OFF	OFF	90.0	90.0	OFF	35.0
19-04-10 11:15:17	62.3	80.0	65.0	ON	69.4	62.2	56.6	85.0	35.0	OFF	76.3	55.6	464	PERFECT	494	100	3.52	1000	6.54	3.22	OFF	OFF	90.0	90.0	OFF	35.0
19-04-10 11:15:36	62.3	80.0	65.0	ON	69.4	62.2	56.6	85.0	35.0	OFF	76.3	55.6	464	PERFECT	494	100	3.42	1000	6.54	3.22	OFF	OFF	90.0	90.0	OFF	35.0
19-04-10 11:15:55	62.3	80.0	65.0	ON	69.4	62.2	56.6	85.0	35.0	OFF	76.3	55.6	464	PERFECT	494	100	3.42	1000	6.54	3.22	OFF	OFF	90.0	90.0	OFF	35.0
19-04-10 11:30:12	62.3	80.0	65.0	ON	69.4	62.2	56.6	85.0	35.0	OFF	76.3	55.6	465	PERFECT	494	100	3.52	1000	6.54	3.22	OFF	OFF	90.0	90.0	OFF	35.0
19-04-10 11:30:31	62.3	80.0	65.0	ON	69.4	62.2	56.6	85.0	35.0	OFF	76.3	55.6	465	PERFECT	494	100	3.42	1000	6.54	3.22	OFF	OFF	90.0	90.0	OFF	35.0
19-04-10 11:30:50	62.3	80.0	65.0	ON	69.4	62.2	56.6	85.0	35.0	OFF	76.3	55.6	465	PERFECT	494	100	3.52	1000	6.54	3.22	OFF	OFF	90.0	90.0	OFF	35.0
19-04-10 11:45:07	62.2	80.0	65.0	ON	69.4	62.2	56.5	85.0	35.0	OFF	76.3	55.6	464	PERFECT	494	100	3.52	1000	6.54	3.22	OFF	OFF	90.0	90.0	OFF	35.0
19-04-10 11:45:26	62.2	80.0	65.0	ON	69.4	62.2	56.6	85.0	35.0	OFF	76.3	55.6	464	PERFECT	494	100	3.61	1000	6.54	3.22	OFF	OFF	90.0	90.0	OFF	35.0
19-04-10 11:45:46	62.2	80.0	65.0	ON	69.4	62.2	56.6	85.0	35.0	OFF	76.3	55.6	464	PERFECT	494	100	3.52	1000	6.54	3.22	OFF	OFF	90.0	90.0	OFF	35.0
19-04-10 12:00:03	62.1	80.0	65.0	ON	69.4	62.1	56.5	85.0	35.0	OFF	76.3	55.6	463	PERFECT	494	100	3.52	1000	6.54	3.22	OFF	OFF	90.0	90.0	OFF	35.0
19-04-10 12:00:22	62.2	80.0	65.0	ON	69.4	62.1	56.6	85.0	35.0	OFF	76.3	55.6	464	PERFECT	494	100	3.42	1000	6.54	3.22	OFF	OFF	90.0	90.0	OFF	35.0
19-04-10 12:00:41	62.2	80.0	65.0	ON	69.4	62.1	56.6	85.0	35.0	OFF	76.3	55.6	465	PERFECT	494	100	3.42	1000	6.54	3.22	OFF	OFF	90.0	90.0	OFF	35.0
19-04-10 12:15:17	62.2	80.0	65.0	ON	69.4	62.1	56.6	85.0	35.0	OFF	76.3	55.6	464	PERFECT	494	100	3.42	1000	6.54	3.22	OFF	OFF	90.0	90.0	OFF	35.0
19-04-10 12:15:36	62.1	80.0	65.0	ON	69.4	62.1	56.6	85.0	35.0	OFF	76.3	55.6	463	PERFECT	494	100	3.42	1000	6.54	3.22	OFF	OFF	90.0	90.0	OFF	35.0
19-04-10 12:15:55	62.1	80.0	65.0	ON	69.4	62.1	56.6	85.0	35.0	OFF	76.3	55.6	464	PERFECT	494	100	3.32	1000	6.54	3.22	OFF	OFF	90.0	90.0	OFF	35.0
19-04-10 12:30:12	62.1	80.0	65.0	ON	69.4	62.0	56.7	85.0	35.0	OFF	76.3	55.6	464	PERFECT	494	100	3.42	1000	6.54	3.22	OFF	OFF	90.0	90.0	OFF	35.0
19-04-10 12:30:32	62.1	80.0	65.0	ON	69.4	62.0	56.7	85.0	35.0	OFF	76.3	55.6	464	PERFECT	494	100	3.42	1000	6.54	3.22	OFF	OFF	90.0	90.0	OFF	35.0
19-04-10 12:30:51	62.1	80.0	65.0	ON	69.4	62.0	56.7	85.0	35.0	OFF	76.3	55.6	463	PERFECT	494	100	3.42	1000	6.54	3.22	OFF	OFF	90.0	90.0	OFF	35.0
19-04-10 12:45:08	62.1	80.0	65.0	ON	69.4	62.0	56.8	85.0	35.0	OFF	76.3	55.6	464	PERFECT	494	100	3.42	1000	6.54	3.22	OFF	OFF	90.0	90.0	OFF	35.0
19-04-10 12:45:27	62.0	80.0	65.0	ON	69.4	62.0	56.7	85.0	35.0	OFF	76.3	55.6	464	PERFECT	494	100	3.42	1000	6.54	3.22	OFF	OFF	90.0	90.0	OFF	35.0
19-04-10 12:45:46	62.0	80.0	65.0	ON	69.4	62.0	56.7	85.0	35.0	OFF	76.3	55.6	464	PERFECT	494	100	3.61	1000	6.54	3.22	OFF	OFF	90.0	90.0	OFF	35.0
19-04-10 13:00:03	62.0	80.0	65.0	ON	69.4	62.0	56.8	85.0	35.0	OFF	76.3	55.6	463	PERFECT	494	100	3.61	1000	6.54	3.22	OFF	OFF	90.0	90.0	OFF	35.0
19-04-10 13:00:22	62.0	80.0	65.0	ON	69.4	62.0	56.8	85.0	35.0	OFF	76.3	55.6	461	PERFECT	494	100	3.61	1000	6.54	3.22	OFF	OFF	90.0	90.0	OFF	35.0
19-04-10 13:00:41	62.0	80.0	65.0	ON	69.4	62.0	56.9	85.0	35.0	OFF	76.3	55.6	462	PERFECT	494	100	3.52	1000	6.54	3.22	OFF	OFF	90.0	90.0	OFF	35.0
19-04-10 13:15:00	62.1	80.0	65.0	ON	69.4	62.0	57.0	85.0	35.0	OFF	76.3	55.6	463	PERFECT	494	100	3.52	1000	6.54	3.22	OFF	OFF	90.0	90.0	OFF	35.0
19-04-10 13:15:19	62.0	80.0	65.0	ON	69.4	62.0	57.0	85.0	35.0	OFF	76.3	55.6	463	PERFECT	494	100	3.52	1000	6.54	3.22	OFF	OFF	90.0	90.0	OFF	35.0
19-04-10 13:15:38	62.1	80.0	65.0	ON	69.4	62.0	57.0	85.0	35.0	OFF	76.3	55.6	463	PERFECT	494	100	3.52	1000	6.54	3.22	OFF	OFF	90.0	90.0	OFF	35.0
19-04-10 13:15:58	62.0	80.0	65.0	ON	69.4	62.0	57.0	85.0	35.0	OFF	76.3	55.6	463	PERFECT	494	100	3.42	1000	6.54	3.22	OFF	OFF	90.0	90.0	OFF	35.0
19-04-10 13:30:17	62.0	80.0	65.0	ON	69.4	62.0	57.2	85.0	35.0	OFF	76.3	55.6	462	PERFECT	494	100	3.42	1000	6.54	3.22	OFF	OFF	90.0	90.0	OFF	35.0
19-04-10 13:30:37	62.0	80.0	65.0	ON	69.4	62.0	57.2	85.0	35.0	OFF	76.3	55.6	463	PERFECT	494	100	3.61	1000	6.54	3.22	OFF	OFF	90.0	90.0	OFF	35.0
19-04-10 13:30:56	62.0	80.0	65.0	ON	69.4	62.0	57.2	85.0	35.0	OFF	76.3	55.6	462	PERFECT	494	100	3.42	1000	6.54	3.22	OFF	OFF	90.0	90.0	OFF	35.0
19-04-10 13:45:16	62.1	80.0	65.0	ON	69.4	62.0	57.4	85.0	35.0	OFF	76.3	55.6	463	PERFECT	494	100	3.52	1000	6.54	3.22	OFF	OFF	90.0	90.0	OFF	35.0
19-04-10 13:45:35	62.1	80.0	65.0	ON	69.4	62.0	57.4	85.0	35.0	OFF	76.3	55.6	462	PERFECT	494	100	3.52	1000	6.54	3.22	OFF	OFF	90.0	90.0	OFF	35.0
19-04-10 13:45:54	62.0	80.0	65.0	ON	69.4	62.0	57.3	85.0	35.0	OFF	76.3	55.6	462	PERFECT	494	100	3.52	1000	6.54	3.22	OFF	OFF	90.0	90.0	OFF	35.0
19-04-10 14:00:14	62.1	80.0	65.0	ON	69.4	62.0	57.4	85.0	35.0	OFF	76.3	55.6	463	PERFECT	494	100	3.61	1000	6.54	3.22	OFF	OFF	90.0	90.0	OFF	35.0
19-04-10 14:00:33	62.1	80.0	65.0	ON	69.4	62.0	57.4	85.0	35.0	OFF	76.3	55.6	463	PERFECT	494	100	3.61	1000	6.54	3.22	OFF	OFF	90.0	90.0	OFF	35.0
19-04-10 14:00:52	62.1	80.0	65.0	ON	69.4	62.0	57.4	85.0	35.0	OFF	76.3	55.6	462	PERFECT	494	100	3.52	1000	6.54	3.22	OFF	OFF	90.0	90.0	OFF	35.0
19-04-10 14:15:12	62.1	80.0	65.0	ON	69.4	62.0	57.6	85.0	35.0	OFF	76.3	55.6	462	PERFECT	494	100	3.52	1000	6.54	3.22	OFF	OFF	90.0	90.0	OFF	35.0
19-04-10 14:15:31	62.1	80.0	65.0	ON	69.4	62.0	57.6	85.0	35.0	OFF	76.3	55.6	463	PERFECT	494	100	3.61	1000	6.54	3.22	OFF	OFF	90.0	90.0	OFF	35.0
19-04-10 14:15:50	62.1	80.0	65.0	ON	69.4	62.0	57.6	85.0	35.0	OFF	76.3	55.6	463	PERFECT	494	100	3.71	1000	6.54	3.22	OFF	OFF	90.0	90.0	OFF	35.0
19-04-10 14:30:10	62.1	80.0	65.0	ON	69.4	62.0	58.3	85.0	35.0	OFF	76.3	55.6	464	PERFECT	494	100	4.0	1000	6.54	3.22	OFF	OFF	90.0	90.0	OFF	35.0
19-04-10 14:30:29	62.1	80.0	65.0	ON	69.4	62.0	58.3	85.0	35.0	OFF	76.3	55.6	463	PERFECT	494	100	4.0	1000	6.54	3.22	OFF	OFF	90.0	90.0	OFF	35.0
19-04-10 14:30:48	62.1	80.0	65.0	ON	69.4	62.0	58.3	85.0	35.0	OFF	76.3	55.6	463	PERFECT	494	100	4.0	1000	6.54	3.22	OFF	OFF	90.0	90.0	OFF	35.0
19-04-10 14:45:08	62.1	80.0	65.0	ON	69.4	62.0	58.6	85.0	35.0	OFF	76.3	55.6	462	PERFECT	494	100	3.91	1000	6.54	3.22	OFF	OFF	90.0	90.0	OFF	35.0
19-04-10 14:45:27	62.1	80.0	65.0	ON	69.4	62.0	58.5	85.0	35.0	OFF	76.3	55.6	463	PERFECT	494	100	3.91	1000	6.54	3.22	OFF	OFF	90.0	90.0	OFF	35.0
19-04-10 14:45:46	62.2	80.0	65.0	ON	69.4	62.0	58.5	85.0	35.0	OFF	76.3	55.6	462	PERFECT	494	100	4.0	1000	6.54	3.22	OFF	OFF	90.0	90.0	OFF	35.0
19-04-10 15:00:06	62.2	80.0	65.0	ON	69.4	62.0	58.8	85.0	35.0	OFF	76.3	55.6	463	PERFECT	494	100	3.91	1000	6.54	3.22	OFF	OFF	90.0	90.0	OFF	35.0
19-04-10 15:00:25	62.2	80.0	65.0	ON	69.4	62.0	58.9	85.0	35.0	OFF	76.3	55.6	463	PERFECT	494	100	4.0	1000	6.54	3.22	OFF	OFF	90.0	90.0	OFF	35.0
19-04-10 15:00:45	62.3	80.0	65.0	ON	69.4	62.0	58.9	85.0	35.0	OFF	76.3	55.6	463	PERFECT	494	100	4.0	1000	6.54	3.22	OFF	OFF	90.0	90.0	OFF	35.0
19-04-10 15:15:04	62.3	80.0	65.0	ON	69.4	62.0	59.0	85.0	35.0	OFF	76.3	55.6	463	PERFECT	494	100	4.0	1000	6.54	3.22	OFF	OFF	90.0	90.0	OFF	35.0
19-04-10 15:15:24	62.3	80.0	65.0	ON	69.4	62.0	58.9	85.0	35.0	OFF	76.3	55.6	463	PERFECT	494	100	4.0	1000	6.54	3.22	OFF	OFF	90.0	90.0	OFF	35.0
19-04-10 15:15:43	62.3	80.0	65.0	ON	69.4	62.0	58.9	85.0	35.0	OFF	76.3	55.6	462	PERFECT	494	100	4.0	1000	6.54	3.22	OFF	OFF	90.0	90.0	OFF	35.0
19-04-10 15:30:02	62.4	80.0	65.0	ON	69.4	62.0	59.1	85.0	35.0	OFF	76.3	55.6	462	PERFECT	494	100	3.81	1000	6.54	3.22	OFF	OFF	90.0	90.0	OFF	35.0
19-04-10 15:30:22	62.4	80.0	65.0	ON	69.4	62.0	59.1	85.0	35.0	OFF	76.3	55.6	462	PERFECT	494	100	4.2	1000	6.54	3.22	OFF	OFF	90.0	90.0	OFF	35.0
19-04-10 15:30:41	62.3	80.0	65.0	ON	69.4	62.0	59.0	85.0	35.0	OFF	76.3	55.6	461	PERFECT	494	100	4.1	1000	6.54	3.22	OFF	OFF	90.0	90.0	OFF	35.0
19-04-10 15:45:01	62.4	80.0	65.0	ON	69.4	62.0	59.2	85.0	35.0	OFF	76.3	55.6	463	PERFECT	494	100	4.2	1000	6.54	3.22	OFF	OFF	90.0	90.0	OFF	35.0
19-04-10 15:45:20	62.4	80.0	65.0	ON	69.4	62.0	59.2	85.0	35.0	OFF	76.3	55.6	463	PERFECT	494	100	4.1	1000	6.54	3.22	OFF	OFF	90.0	90.0	OFF	35.0
19-04-10 15:45:39	62.4	80.0	65.0	ON	69.4	62.0	59.2	85.0	35.0	OFF	76.3	55.6	463	PERFECT	494	100	4.2	1000	6.54	3.22	OFF	OFF	90.0	90.0	OFF	35.0
19-04-10 15:45:58	62.4	80.0	65.0	ON	69.4	62.0	59.2	85.0	35.0	OFF	76.3	55.6	463	PERFECT	494	100	4.0	1000	6.54	3.22	OFF	OFF	90.0	90.0	OFF	35.0
19-04-10 16:00:16	62.5	80.0	65.0	ON	69.4	62.0	59.3	85.0	35.0	OFF	76.3	55.6	464	PERFECT	494	100	4.2	1000	6.54	3.22	OFF	OFF	90.0	90.0	OFF	35.0
19-04-10 16:00:35	62.5	80.0	65.0	ON	69.4	62.0	59.3	85.0	35.0	OFF	76.3	55.6	464	PERFECT	494	100	4.2	1000	6.54	3.22	OFF	OFF	90.0	90.0	OFF	35.0
19-04-10 16:00:55	62.5	80.0	65.0	ON	69.4	62.0	59.4	85.0	35.0	OFF	76.3	55.6	464	PERFECT	494	100	4.2	1000	6.54	3.22	OFF	OFF	90.0	90.0	OFF	35.0
19-04-10 16:15:14	62.6	80.0	65.0	ON	69.4	62.0	59.4	85.0	35.0	OFF	76.3	55.6	464	PERFECT	494	100	4.2	1000	6.54	3.22	OFF	OFF	90.0	90.0	OFF	35.0
19-04-10 16:15:33	62.6	80.0	65.0	ON	69.4	62.0	59.4	85.0	35.0	OFF	76.3	55.6	464	PERFECT	494	100	4.2	1000	6.54	3.22	OFF	OFF	90.0	90.0	OFF	35.0
19-04-10 16:15:52	62.6	80.0	65.0	ON	69.4	62.0	59.4	85.0	35.0	OFF	76.3	55.6	464	PERFECT	494	100	4.39	1000	6.54	3.22	OFF	OFF	90.0	90.0	OFF	35.0
19-04-10 16:30:12	62.7	80.0	65.0	ON	69.4	62.0	59.6	85.0	35.0	OFF	76.3	55.6	463	PERFECT	494	100	4.2	1000	6.54	3.22	OFF	OFF	90.0	90.0	OFF	35.0
19-04-10 16:30:31	62.6	80.0	65.0	ON	69.4	62.0	59.6	85.0	35.0	OFF	76.3	55.6	463	PERFECT	494	100	4.3	1000	6.54	3.22	OFF	OFF	90.0	90.0	OFF	35.0
19-04-10 16:30:50	62.7	80.0	65.0	ON	69.4	62.0	59.6	85.0	35.0	OFF	76.3	55.6	463	PERFECT	494	100	4.3	1000	6.54	3.22	OFF	OFF	90.0	90.0	OFF	35.0
19-04-10 16:45:10	62.8	80.0	65.0	ON	69.4	62.0	59.8	85.0	35.0	OFF	76.3	55.6	464	PERFECT	494	100	4.2	1000	6.54	3.22	OFF	OFF	90.0	90.0	OFF	35.0
19-04-10 16:45:29	62.7	80.0	65.0	ON	69.4	62.0	59.7	85.0	35.0	OFF	76.3	55.6	462	PERFECT	494	100	4.1	1000	6.54	3.22	OFF	OFF	90.0	90.0	OFF	35.0
19-04-10 16:45:48	62.7	80.0	65.0	ON	69.4	62.0	59.7	85.0	35.0	OFF	76.3	55.6	462	PERFECT	494	100	4.3	1000	6.54	3.22	OFF	OFF	90.0	90.0	OFF	35.0
19-04-10 17:00:08	62.8	80.0	65.0	ON	69.4	62.0	59.9	85.0	35.0	OFF	76.3	55.6	465	PERFECT	494	100	4.2	1000	6.54	3.22	OFF	OFF	90.0	90.0	OFF	35.0
19-04-10 17:00:27	62.8	80.0	65.0	ON	69.4	62.0	59.9	85.0	35.0	OFF	76.3	55.6	465	PERFECT	494	100	4.2	1000	6.54	3.22	OFF	OFF	90.0	90.0	OFF	35.0
19-04-10 17:00:46	62.8	80.0	65.0	ON	69.4	62.0	59.9	85.0	35.0	OFF	76.3	55.6	466	PERFECT	494	100	4.2	1000	6.54	3.22	OFF	OFF	90.0	90.0	OFF	35.0
19-04-10 17:15:06	62.9	80.0	65.0	ON	69.4	62.0	60.0	85.0	35.0	OFF	76.3	55.6	465	PERFECT	494	100	4.39	1000	6.54	3.22	OFF	OFF	90.0	90.0	OFF	35.0
19-04-10 17:15:25	62.9	80.0	65.0	ON	69.4	62.0	60.0	85.0	35.0	OFF	76.3	55.6	464	PERFECT	494	100	4.3	1000	6.54	3.22	OFF	OFF	90.0	90.0	OFF	35.0
19-04-10 17:15:44	62.9	80.0	65.0	ON	69.4	62.0	60.0	85.0	35.0	OFF	76.3	55.6	464	PERFECT	494	100	4.3	1000	6.54	3.22	OFF	OFF	90.0	90.0	OFF	35.0
19-04-10 17:30:04	63.0	80.0	65.0	ON	69.4	62.0	60.1	85.0	35.0	OFF	76.3	55.6	464	PERFECT	494	100	4.39	1000	6.54	3.22	OFF	OFF	90.0	90.0	OFF	35.0
19-04-10 17:30:23	62.9	80.0	65.0	ON	69.4	62.0	60.1	85.0	35.0	OFF	76.3	55.6	465	PERFECT	494	100	4.39	1000	6.54	3.22	OFF	OFF	90.0	90.0	OFF	35.0
19-04-10 17:30:42	63.0	80.0	65.0	ON	69.4	62.0	60.1	85.0	35.0	OFF	76.3	55.6	464	PERFECT	494	100	4.3	1000	6.54	3.22	OFF	OFF	90.0	90.0	OFF	35.0
