19-04-23 00:00:00	74.5	80.0	65.0	OFF	78.0	74.5	69.6	85.0	35.0	OFF	69.6	59.9	484	PERFECT	515	483	58.79	1000	79.98	53.22	OFF	OFF	90.0	78.0	OFF	60.0
19-04-23 00:00:19	74.5	80.0	65.0	OFF	78.0	74.5	69.4	85.0	35.0	OFF	69.6	59.9	488	PERFECT	515	483	58.79	1000	79.98	53.22	OFF	OFF	90.0	78.0	OFF	60.0
19-04-23 00:00:38	74.5	80.0	65.0	OFF	78.0	74.5	69.5	85.0	35.0	OFF	69.6	59.9	487	PERFECT	515	483	58.79	1000	79.98	53.22	OFF	OFF	90.0	78.0	OFF	60.0
19-04-23 00:00:57	74.5	80.0	65.0	OFF	78.0	74.5	69.7	85.0	35.0	OFF	69.7	59.9	484	PERFECT	515	483	58.79	1000	79.98	53.22	OFF	OFF	90.0	78.0	OFF	60.0
19-04-23 00:15:17	74.1	80.0	65.0	OFF	78.0	74.1	70.6	85.0	35.0	OFF	70.6	59.9	483	PERFECT	515	480	58.89	1000	79.98	53.22	OFF	OFF	90.0	78.0	OFF	60.0
19-04-23 00:15:36	74.0	80.0	65.0	OFF	78.0	74.0	70.5	85.0	35.0	OFF	70.6	59.9	483	PERFECT	515	480	58.98	1000	79.98	53.22	OFF	OFF	90.0	78.0	OFF	60.0
19-04-23 00:15:55	74.0	80.0	65.0	OFF	78.0	74.0	70.6	85.0	35.0	OFF	70.6	59.9	483	PERFECT	515	480	58.79	1000	79.98	53.22	OFF	OFF	90.0	78.0	OFF	60.0
19-04-23 00:30:15	73.7	80.0	65.0	OFF	78.0	73.7	71.3	85.0	35.0	OFF	71.5	59.9	476	PERFECT	515	475	58.98	1000	79.98	53.22	OFF	OFF	90.0	78.0	OFF	60.0
19-04-23 00:30:34	73.7	80.0	65.0	OFF	78.0	73.7	71.4	85.0	35.0	OFF	71.5	59.9	476	PERFECT	515	475	58.89	1000	79.98	53.22	OFF	OFF	90.0	78.0	OFF	60.0
19-04-23 00:30:53	73.7	80.0	65.0	OFF	78.0	73.7	71.4	85.0	35.0	OFF	71.5	59.9	475	PERFECT	515	475	58.98	1000	79.98	53.22	OFF	OFF	90.0	78.0	OFF	60.0
19-04-23 00:45:13	73.5	80.0	65.0	OFF	78.0	73.5	72.0	85.0	35.0	OFF	72.0	59.9	472	PERFECT	515	472	58.98	1000	79.98	53.22	OFF	OFF	90.0	78.0	OFF	60.0
19-04-23 00:45:32	73.5	80.0	65.0	OFF	78.0	73.5	72.0	85.0	35.0	OFF	72.0	59.9	473	PERFECT	515	472	58.98	1000	79.98	53.22	OFF	OFF	90.0	78.0	OFF	60.0
19-04-23 00:45:51	73.4	80.0	65.0	OFF	78.0	73.4	71.9	85.0	35.0	OFF	72.0	59.9	472	PERFECT	515	472	58.79	1000	79.98	53.22	OFF	OFF	90.0	78.0	OFF	60.0
19-04-23 01:00:11	73.3	80.0	65.0	OFF	78.0	73.2	72.1	85.0	35.0	OFF	72.3	59.9	468	PERFECT	515	467	59.18	1000	79.98	53.22	OFF	OFF	90.0	78.0	OFF	60.0
19-04-23 01:00:30	73.3	80.0	65.0	OFF	78.0	73.2	72.1	85.0	35.0	OFF	72.3	59.9	469	PERFECT	515	467	59.08	1000	79.98	53.22	OFF	OFF	90.0	78.0	OFF	60.0
19-04-23 01:00:49	73.2	80.0	65.0	OFF	78.0	73.2	71.7	85.0	35.0	OFF	72.3	59.9	471	PERFECT	515	467	58.98	1000	79.98	53.22	OFF	OFF	90.0	78.0	OFF	60.0
19-04-23 01:15:09	73.1	80.0	65.0	OFF	78.0	73.1	72.3	85.0	35.0	OFF	72.3	59.9	463	PERFECT	515	461	57.23	1000	79.98	53.22	OFF	OFF	90.0	78.0	OFF	60.0
19-04-23 01:15:28	73.1	80.0	65.0	OFF	78.0	73.1	72.3	85.0	35.0	OFF	72.3	59.9	464	PERFECT	515	461	57.32	1000	79.98	53.22	OFF	OFF	90.0	78.0	OFF	60.0
19-04-23 01:15:47	73.1	80.0	65.0	OFF	78.0	73.1	72.2	85.0	35.0	OFF	72.3	59.9	463	PERFECT	515	461	57.32	1000	79.98	53.22	OFF	OFF	90.0	78.0	OFF	60.0
19-04-23 01:30:07	72.9	80.0	65.0	OFF	78.0	72.9	73.0	85.0	35.0	OFF	73.0	59.9	457	PERFECT	515	457	57.42	1000	79.98	53.22	OFF	OFF	90.0	78.0	OFF	60.0
19-04-23 01:30:26	72.9	80.0	65.0	OFF	78.0	72.9	72.9	85.0	35.0	OFF	73.0	59.9	458	PERFECT	515	457	57.42	1000	79.98	53.22	OFF	OFF	90.0	78.0	OFF	60.0
19-04-23 01:30:45	72.9	80.0	65.0	OFF	78.0	72.9	73.0	85.0	35.0	OFF	73.0	59.9	461	PERFECT	515	457	57.42	1000	79.98	53.22	OFF	OFF	90.0	78.0	OFF	60.0
19-04-23 01:45:05	72.7	80.0	65.0	OFF	78.0	72.7	73.0	85.0	35.0	OFF	73.2	59.9	455	PERFECT	515	455	57.52	1000	79.98	53.22	OFF	OFF	90.0	78.0	OFF	60.0
19-04-23 01:45:24	72.8	80.0	65.0	OFF	78.0	72.7	73.1	85.0	35.0	OFF	73.2	59.9	456	PERFECT	515	455	57.52	1000	79.98	53.22	OFF	OFF	90.0	78.0	OFF	60.0
19-04-23 01:45:43	72.7	80.0	65.0	OFF	78.0	72.7	73.0	85.0	35.0	OFF	73.2	59.9	454	PERFECT	515	454	57.52	1000	79.98	53.22	OFF	OFF	90.0	78.0	OFF	60.0
19-04-23 02:00:03	72.6	80.0	65.0	OFF	78.0	72.6	73.3	85.0	35.0	OFF	73.3	59.9	452	PERFECT	515	449	57.62	1000	79.98	53.22	OFF	OFF	90.0	78.0	OFF	60.0
19-04-23 02:00:22	72.6	80.0	65.0	OFF	78.0	72.6	73.2	85.0	35.0	OFF	73.3	59.9	452	PERFECT	515	449	57.62	1000	79.98	53.22	OFF	OFF	90.0	78.0	OFF	60.0
19-04-23 02:00:41	72.6	80.0	65.0	OFF	78.0	72.6	73.3	85.0	35.0	OFF	73.3	59.9	453	PERFECT	515	449	57.62	1000	79.98	53.22	OFF	OFF	90.0	78.0	OFF	60.0
19-04-23 02:15:01	72.4	80.0	65.0	OFF	78.0	72.4	73.5	85.0	35.0	OFF	73.6	59.9	447	PERFECT	515	447	57.71	1000	79.98	53.22	OFF	OFF	90.0	78.0	OFF	60.0
19-04-23 02:15:20	72.4	80.0	65.0	OFF	78.0	72.4	73.6	85.0	35.0	OFF	73.6	59.9	447	PERFECT	515	447	57.71	1000	79.98	53.22	OFF	OFF	90.0	78.0	OFF	60.0
19-04-23 02:15:39	72.4	80.0	65.0	OFF	78.0	72.4	73.6	85.0	35.0	OFF	73.6	59.9	449	PERFECT	515	447	57.71	1000	79.98	53.22	OFF	OFF	90.0	78.0	OFF	60.0
19-04-23 02:15:59	72.4	80.0	65.0	OFF	78.0	72.4	73.6	85.0	35.0	OFF	73.6	59.9	447	PERFECT	515	447	57.71	1000	79.98	53.22	OFF	OFF	90.0	78.0	OFF	60.0
19-04-23 02:30:18	72.3	80.0	65.0	OFF	78.0	72.2	74.1	85.0	35.0	OFF	74.1	59.9	444	PERFECT	515	443	57.03	1000	79.98	53.22	OFF	OFF	90.0	78.0	OFF	60.0
19-04-23 02:30:38	72.2	80.0	65.0	OFF	78.0	72.2	74.0	85.0	35.0	OFF	74.1	59.9	444	PERFECT	515	443	57.13	1000	79.98	53.22	OFF	OFF	90.0	78.0	OFF	60.0
19-04-23 02:30:57	72.2	80.0	65.0	OFF	78.0	72.2	74.0	85.0	35.0	OFF	74.1	59.9	447	PERFECT	515	443	57.13	1000	79.98	53.22	OFF	OFF	90.0	78.0	OFF	60.0
19-04-23 02:45:17	72.1	80.0	65.0	OFF	78.0	72.1	74.4	85.0	35.0	OFF	74.4	59.9	440	PERFECT	515	438	56.84	1000	79.98	53.22	OFF	OFF	90.0	78.0	OFF	60.0
19-04-23 02:45:36	72.1	80.0	65.0	OFF	78.0	72.1	74.3	85.0	35.0	OFF	74.4	59.9	439	PERFECT	515	438	56.84	1000	79.98	53.22	OFF	OFF	90.0	78.0	OFF	60.0
19-04-23 02:45:55	72.1	80.0	65.0	OFF	78.0	72.1	74.4	85.0	35.0	OFF	74.4	59.9	443	PERFECT	515	438	56.93	1000	79.98	53.22	OFF	OFF	90.0	78.0	OFF	60.0
19-04-23 03:00:15	71.9	80.0	65.0	OFF	78.0	71.9	74.6	85.0	35.0	OFF	74.6	59.9	436	PERFECT	515	434	56.45	1000	79.98	53.22	OFF	OFF	90.0	78.0	OFF	60.0
19-04-23 03:00:34	71.9	80.0	65.0	OFF	78.0	71.9	74.6	85.0	35.0	OFF	74.6	59.9	438	PERFECT	515	434	56.45	1000	79.98	53.22	OFF	OFF	90.0	78.0	OFF	60.0
19-04-23 03:00:53	71.9	80.0	65.0	OFF	78.0	71.9	74.5	85.0	35.0	OFF	74.6	59.9	439	PERFECT	515	434	56.45	1000	79.98	53.22	OFF	OFF	90.0	78.0	OFF	60.0
19-04-23 03:15:13	71.8	80.0	65.0	OFF	78.0	71.8	74.7	85.0	35.0	OFF	74.8	59.9	435	PERFECT	515	434	56.45	1000	79.98	53.22	OFF	OFF	90.0	78.0	OFF	60.0
19-04-23 03:15:32	71.8	80.0	65.0	OFF	78.0	71.8	74.8	85.0	35.0	OFF	74.8	59.9	437	PERFECT	515	434	56.45	1000	79.98	53.22	OFF	OFF	90.0	78.0	OFF	60.0
19-04-23 03:15:51	71.8	80.0	65.0	OFF	78.0	71.8	74.7	85.0	35.0	OFF	74.8	59.9	437	PERFECT	515	434	56.45	1000	79.98	53.22	OFF	OFF	90.0	78.0	OFF	60.0
19-04-23 03:30:11	71.6	80.0	65.0	OFF	78.0	71.6	74.9	85.0	35.0	OFF	75.0	59.9	433	PERFECT	515	431	57.42	1000	79.98	53.22	OFF	OFF	90.0	78.0	OFF	60.0
19-04-23 03:30:30	71.7	80.0	65.0	OFF	78.0	71.6	75.0	85.0	35.0	OFF	75.0	59.9	432	PERFECT	515	431	57.32	1000	79.98	53.22	OFF	OFF	90.0	78.0	OFF	60.0
19-04-23 03:30:49	71.7	80.0	65.0	OFF	78.0	71.6	75.0	85.0	35.0	OFF	75.0	59.9	431	PERFECT	515	431	57.32	1000	79.98	53.22	OFF	OFF	90.0	78.0	OFF	60.0
19-04-23 03:45:09	71.5	80.0	65.0	OFF	78.0	71.5	75.2	85.0	35.0	OFF	75.2	59.9	432	PERFECT	515	428	57.62	1000	79.98	53.22	OFF	OFF	90.0	78.0	OFF	60.0
19-04-23 03:45:28	71.5	80.0	65.0	OFF	78.0	71.5	75.1	85.0	35.0	OFF	75.2	59.9	430	PERFECT	515	428	57.62	1000	79.98	53.22	OFF	OFF	90.0	78.0	OFF	60.0
19-04-23 03:45:47	71.5	80.0	65.0	OFF	78.0	71.5	75.2	85.0	35.0	OFF	75.2	59.9	428	PERFECT	515	428	57.62	1000	79.98	53.22	OFF	OFF	90.0	78.0	OFF	60.0
19-04-23 04:00:07	71.4	80.0	65.0	OFF	78.0	71.3	75.4	85.0	35.0	OFF	75.4	59.9	426	PERFECT	515	424	57.32	1000	79.98	53.22	OFF	OFF	90.0	78.0	OFF	60.0
19-04-23 04:00:26	71.4	80.0	65.0	OFF	78.0	71.3	75.3	85.0	35.0	OFF	75.4	59.9	428	PERFECT	515	424	57.32	1000	79.98	53.22	OFF	OFF	90.0	78.0	OFF	60.0
19-04-23 04:00:45	71.4	80.0	65.0	OFF	78.0	71.3	75.3	85.0	35.0	OFF	75.4	59.9	428	PERFECT	515	424	57.42	1000	79.98	53.22	OFF	OFF	90.0	78.0	OFF	60.0
19-04-23 04:15:05	71.2	80.0	65.0	OFF	78.0	71.2	75.4	85.0	35.0	OFF	75.4	59.9	423	DRY	515	422	57.52	1000	79.98	53.22	OFF	OFF	90.0	78.0	OFF	60.0
19-04-23 04:15:24	71.2	80.0	65.0	OFF	78.0	71.2	75.4	85.0	35.0	OFF	75.4	59.9	422	DRY	515	422	57.52	1000	79.98	53.22	OFF	OFF	90.0	78.0	OFF	60.0
19-04-23 04:15:43	71.3	80.0	65.0	OFF	78.0	71.2	75.4	85.0	35.0	OFF	75.4	59.9	422	DRY	515	422	57.52	1000	79.98	53.22	OFF	OFF	90.0	78.0	OFF	60.0
19-04-23 04:30:03	71.2	80.0	65.0	OFF	78.0	71.2	75.4	85.0	35.0	OFF	75.5	59.9	421	DRY	515	418	57.52	1000	79.98	53.22	OFF	OFF	90.0	78.0	OFF	60.0
19-04-23 04:30:22	71.2	80.0	65.0	OFF	78.0	71.2	75.5	85.0	35.0	OFF	75.5	59.9	421	DRY	515	418	57.52	1000	79.98	53.22	OFF	OFF	90.0	78.0	OFF	60.0
19-04-23 04:30:41	71.2	80.0	65.0	OFF	78.0	71.2	75.4	85.0	35.0	OFF	75.5	59.9	421	DRY	515	418	57.52	1000	79.98	53.22	OFF	OFF	90.0	78.0	OFF	60.0
19-04-23 04:45:01	71.1	80.0	65.0	OFF	78.0	71.1	75.5	85.0	35.0	OFF	75.5	59.9	417	DRY	515	417	57.52	1000	79.98	53.22	OFF	OFF	90.0	78.0	OFF	60.0
19-04-23 04:45:20	71.1	80.0	65.0	OFF	78.0	71.1	75.5	85.0	35.0	OFF	75.5	59.9	415	DRY	515	415	57.62	1000	79.98	53.22	OFF	OFF	90.0	78.0	OFF	60.0
19-04-23 04:45:39	71.1	80.0	65.0	OFF	78.0	71.1	75.5	85.0	35.0	OFF	75.5	59.9	417	DRY	515	415	57.52	1000	79.98	53.22	OFF	OFF	90.0	78.0	OFF	60.0
19-04-23 04:45:58	71.1	80.0	65.0	OFF	78.0	71.1	75.5	85.0	35.0	OFF	75.5	59.9	419	DRY	515	415	57.52	1000	79.98	53.22	OFF	OFF	90.0	78.0	OFF	60.0
19-04-23 05:00:18	70.9	80.0	65.0	OFF	78.0	70.9	75.5	85.0	35.0	OFF	75.5	59.9	414	DRY	515	414	57.52	1000	79.98	53.22	OFF	OFF	90.0	78.0	OFF	60.0
19-04-23 05:00:37	71.0	80.0	65.0	OFF	78.0	70.9	75.5	85.0	35.0	OFF	75.5	59.9	416	DRY	515	414	57.42	1000	79.98	53.22	OFF	OFF	90.0	78.0	OFF	60.0
19-04-23 05:00:56	70.9	80.0	65.0	OFF	78.0	70.9	75.5	85.0	35.0	OFF	75.5	59.9	416	DRY	515	414	57.42	1000	79.98	53.22	OFF	OFF	90.0	78.0	OFF	60.0
19-04-23 05:15:16	70.8	80.0	65.0	OFF	78.0	70.8	75.6	85.0	35.0	OFF	75.7	59.9	417	DRY	515	414	56.54	1000	79.98	53.22	OFF	OFF	90.0	78.0	OFF	60.0
19-04-23 05:15:35	70.8	80.0	65.0	OFF	78.0	70.8	75.6	85.0	35.0	OFF	75.7	59.9	415	DRY	515	414	56.54	1000	79.98	53.22	OFF	OFF	90.0	78.0	OFF	60.0
19-04-23 05:15:54	70.8	80.0	65.0	OFF	78.0	70.8	75.6	85.0	35.0	OFF	75.7	59.9	414	DRY	515	414	56.54	1000	79.98	53.22	OFF	OFF	90.0	78.0	OFF	60.0
19-04-23 05:30:14	70.7	80.0	65.0	OFF	78.0	70.7	75.8	85.0	35.0	OFF	75.8	59.9	412	DRY	515	410	57.71	1000	79.98	53.22	OFF	OFF	90.0	78.0	OFF	60.0
19-04-23 05:30:33	70.7	80.0	65.0	OFF	78.0	70.7	75.8	85.0	35.0	OFF	75.8	59.9	414	DRY	515	410	57.62	1000	79.98	53.22	OFF	OFF	90.0	78.0	OFF	60.0
19-04-23 05:30:52	70.7	80.0	65.0	OFF	78.0	70.7	75.9	85.0	35.0	OFF	75.9	59.9	412	DRY	515	410	57.62	1000	79.98	53.22	OFF	OFF	90.0	78.0	OFF	60.0
19-04-23 05:45:12	70.5	80.0	65.0	OFF	78.0	70.5	76.0	85.0	35.0	OFF	76.0	59.9	412	DRY	515	409	57.52	1000	79.98	53.22	OFF	OFF	90.0	78.0	OFF	60.0
19-04-23 05:45:31	70.5	80.0	65.0	OFF	78.0	70.5	76.0	85.0	35.0	OFF	76.0	59.9	409	DRY	515	409	57.52	1000	79.98	53.22	OFF	OFF	90.0	78.0	OFF	60.0
19-04-23 05:45:50	70.5	80.0	65.0	OFF	78.0	70.5	76.0	85.0	35.0	OFF	76.0	59.9	409	DRY	515	409	57.52	1000	79.98	53.22	OFF	OFF	90.0	78.0	OFF	60.0
19-04-23 06:00:10	70.4	80.0	65.0	OFF	78.0	70.3	76.1	85.0	35.0	OFF	76.2	59.9	408	DRY	515	406	57.42	1000	79.98	53.22	OFF	OFF	90.0	78.0	OFF	60.0
19-04-23 06:00:29	70.4	80.0	65.0	OFF	78.0	70.3	76.2	85.0	35.0	OFF	76.2	59.9	409	DRY	515	406	57.52	1000	79.98	53.22	OFF	OFF	90.0	78.0	OFF	60.0
19-04-23 06:00:48	70.3	80.0	65.0	OFF	78.0	70.3	76.1	85.0	35.0	OFF	76.2	59.9	407	DRY	515	406	57.52	1000	79.98	53.22	OFF	OFF	90.0	78.0	OFF	60.0
19-04-23 06:15:07	70.2	80.0	65.0	OFF	78.0	70.2	76.3	85.0	35.0	OFF	76.4	59.9	407	DRY	515	405	57.52	1000	79.98	53.22	OFF	OFF	90.0	78.0	OFF	60.0
19-04-23 06:15:27	70.2	80.0	65.0	OFF	78.0	70.2	76.3	85.0	35.0	OFF	76.4	59.9	407	DRY	515	405	57.52	1000	79.98	53.22	OFF	OFF	90.0	78.0	OFF	60.0
19-04-23 06:15:46	70.2	80.0	65.0	OFF	78.0	70.2	76.3	85.0	35.0	OFF	76.4	59.9	406	DRY	515	405	57.52	1000	79.98	53.22	OFF	OFF	90.0	78.0	OFF	60.0
19-04-23 06:30:06	70.1	80.0	65.0	OFF	78.0	70.0	76.6	85.0	35.0	OFF	76.6	59.9	406	DRY	515	403	57.42	1000	79.98	53.22	OFF	OFF	90.0	78.0	OFF	60.0
19-04-23 06:30:25	70.0	80.0	65.0	OFF	78.0	70.0	76.5	85.0	35.0	OFF	76.6	59.9	403	DRY	515	403	57.52	1000	79.98	53.22	OFF	OFF	90.0	78.0	OFF	60.0
19-04-23 06:30:44	70.0	80.0	65.0	OFF	78.0	70.0	76.6	85.0	35.0	OFF	76.6	59.9	406	DRY	515	403	57.42	1000	79.98	53.22	OFF	OFF	90.0	78.0	OFF	60.0
19-04-23 06:45:03	69.9	80.0	65.0	OFF	78.0	69.8	76.7	85.0	35.0	OFF	76.8	59.9	402	DRY	515	400	57.42	1000	79.98	53.22	OFF	OFF	90.0	78.0	OFF	60.0
19-04-23 06:45:23	69.9	80.0	65.0	OFF	78.0	69.8	76.7	85.0	35.0	OFF	76.8	59.9	401	DRY	515	400	57.42	1000	79.98	53.22	OFF	OFF	90.0	78.0	OFF	60.0
19-04-23 06:45:42	69.9	80.0	65.0	OFF	78.0	69.8	76.8	85.0	35.0	OFF	76.8	59.9	400	DRY	515	400	57.42	1000	79.98	53.22	OFF	OFF	90.0	78.0	OFF	60.0
19-04-23 07:00:01	69.7	80.0	65.0	OFF	78.0	69.7	76.9	85.0	35.0	OFF	76.9	59.9	399	DRY	515	396	57.32	1000	79.98	53.22	OFF	OFF	90.0	78.0	OFF	60.0
19-04-23 07:00:20	69.7	80.0	65.0	OFF	78.0	69.7	76.9	85.0	35.0	OFF	76.9	59.9	399	DRY	515	396	57.42	1000	79.98	53.22	OFF	OFF	90.0	78.0	OFF	60.0
19-04-23 07:00:40	69.7	80.0	65.0	OFF	78.0	69.7	76.9	85.0	35.0	OFF	76.9	59.9	399	DRY	515	396	57.32	1000	79.98	53.22	OFF	OFF	90.0	78.0	OFF	60.0
19-04-23 07:00:59	69.6	80.0	65.0	OFF	78.0	69.6	76.8	85.0	35.0	OFF	76.9	59.9	399	DRY	515	396	57.42	1000	79.98	53.22	OFF	OFF	90.0	78.0	OFF	60.0
19-04-23 07:15:19	69.5	80.0	65.0	OFF	78.0	69.5	77.0	85.0	35.0	OFF	77.0	59.9	397	DRY	515	396	57.32	1000	79.98	53.22	OFF	OFF	90.0	78.0	OFF	60.0
19-04-23 07:15:38	69.5	80.0	65.0	OFF	78.0	69.5	76.9	85.0	35.0	OFF	77.0	59.9	398	DRY	515	396	57.32	1000	79.98	53.22	OFF	OFF	90.0	78.0	OFF	60.0
19-04-23 07:15:57	69.5	80.0	65.0	OFF	78.0	69.5	77.0	85.0	35.0	OFF	77.0	59.9	398	DRY	515	396	57.32	1000	79.98	53.22	OFF	OFF	90.0	78.0	OFF	60.0
19-04-23 07:30:16	69.4	80.0	65.0	OFF	78.0	69.4	77.1	85.0	35.0	OFF	77.2	59.9	396	DRY	515	394	57.13	1000	79.98	53.22	OFF	OFF	90.0	78.0	OFF	60.0
19-04-23 07:30:36	69.4	80.0	65.0	OFF	78.0	69.4	77.1	85.0	35.0	OFF	77.2	59.9	396	DRY	515	394	57.23	1000	79.98	53.22	OFF	OFF	90.0	78.0	OFF	60.0
19-04-23 07:30:55	69.4	80.0	65.0	OFF	78.0	69.4	77.2	85.0	35.0	OFF	77.2	59.9	395	DRY	515	394	57.23	1000	79.98	53.22	OFF	OFF	90.0	78.0	OFF	60.0
19-04-23 07:45:14	69.2	80.0	65.0	OFF	78.0	69.2	77.2	85.0	35.0	OFF	77.3	59.9	392	DRY	515	392	57.13	1000	79.98	53.22	OFF	OFF	90.0	78.0	OFF	60.0
19-04-23 07:45:34	69.2	80.0	65.0	OFF	78.0	69.2	77.2	85.0	35.0	OFF	77.3	59.9	394	DRY	515	392	57.13	1000	79.98	53.22	OFF	OFF	90.0	78.0	OFF	60.0
19-04-23 07:45:53	69.2	80.0	65.0	OFF	78.0	69.2	77.2	85.0	35.0	OFF	77.3	59.9	392	DRY	515	392	57.13	1000	79.98	53.22	OFF	OFF	90.0	78.0	OFF	60.0
19-04-23 08:00:12	69.1	80.0	65.0	OFF	78.0	69.1	77.4	85.0	35.0	OFF	77.4	59.9	390	DRY	515	389	57.03	1000	79.98	53.22	OFF	OFF	90.0	78.0	OFF	60.0
19-04-23 08:00:32	69.1	80.0	65.0	OFF	78.0	69.1	77.4	85.0	35.0	OFF	77.4	59.9	391	DRY	515	389	57.03	1000	79.98	53.22	OFF	OFF	90.0	78.0	OFF	60.0
19-04-23 08:00:51	69.1	80.0	65.0	OFF	78.0	69.1	77.4	85.0	35.0	OFF	77.4	59.9	394	DRY	515	389	57.03	1000	79.98	53.22	OFF	OFF	90.0	78.0	OFF	60.0
19-04-23 08:15:11	69.0	80.0	65.0	OFF	78.0	69.0	77.9	85.0	35.0	OFF	77.9	59.9	390	DRY	515	388	56.84	1000	79.98	53.22	OFF	OFF	90.0	78.0	OFF	60.0
19-04-23 08:15:30	68.9	80.0	65.0	OFF	78.0	68.9	77.9	85.0	35.0	OFF	77.9	59.9	388	DRY	515	388	56.84	1000	79.98	53.22	OFF	OFF	90.0	78.0	OFF	60.0
19-04-23 08:15:49	69.0	80.0	65.0	OFF	78.0	68.9	78.0	85.0	35.0	OFF	78.0	59.9	392	DRY	515	388	56.93	1000	79.98	53.22	OFF	OFF	90.0	78.0	OFF	60.0
19-04-23 08:30:08	68.8	80.0	65.0	OFF	78.0	68.8	78.2	85.0	35.0	OFF	78.2	59.9	388	DRY	515	386	56.84	1000	79.98	53.22	OFF	OFF	90.0	78.0	OFF	60.0
19-04-23 08:30:27	68.8	80.0	65.0	OFF	78.0	68.8	78.2	85.0	35.0	OFF	78.2	59.9	389	DRY	515	386	56.84	1000	79.98	53.22	OFF	OFF	90.0	78.0	OFF	60.0
19-04-23 08:30:47	68.8	80.0	65.0	OFF	78.0	68.8	78.2	85.0	35.0	OFF	78.2	59.9	388	DRY	515	386	56.84	1000	79.98	53.22	OFF	OFF	90.0	78.0	OFF	60.0
19-04-23 08:45:06	68.7	80.0	65.0	OFF	78.0	68.7	78.4	85.0	35.0	OFF	78.4	59.9	384	DRY	515	384	56.64	1000	79.98	53.22	OFF	OFF	90.0	78.0	OFF	60.0
19-04-23 08:45:25	68.7	80.0	65.0	OFF	78.0	68.7	78.4	85.0	35.0	OFF	78.4	59.9	384	DRY	515	384	56.54	1000	79.98	53.22	OFF	OFF	90.0	78.0	OFF	60.0
19-04-23 08:45:44	68.7	80.0	65.0	OFF	78.0	68.7	78.4	85.0	35.0	OFF	78.4	59.9	388	DRY	515	384	56.35	1000	79.98	53.22	OFF	OFF	90.0	78.0	OFF	60.0
19-04-23 09:00:04	68.6	80.0	65.0	OFF	78.0	68.5	78.6	85.0	35.0	OFF	78.7	59.9	385	DRY	515	381	56.64	1000	79.98	53.22	OFF	OFF	90.0	78.0	OFF	60.0
19-04-23 09:00:23	68.5	80.0	65.0	OFF	78.0	68.5	78.6	85.0	35.0	OFF	78.7	59.9	382	DRY	515	381	56.64	1000	79.98	53.22	OFF	OFF	90.0	78.0	OFF	60.0
19-04-23 09:00:42	68.5	80.0	65.0	OFF	78.0	68.5	78.6	85.0	35.0	OFF	78.7	59.9	381	DRY	515	381	56.64	1000	79.98	53.22	OFF	OFF	90.0	78.0	OFF	60.0
19-04-23 09:15:02	68.4	80.0	65.0	OFF	78.0	68.4	78.7	85.0	35.0	OFF	78.7	59.9	383	DRY	515	378	55.76	1000	79.98	53.22	OFF	OFF	90.0	78.0	OFF	60.0
19-04-23 09:15:21	68.4	80.0	65.0	OFF	78.0	68.4	78.6	85.0	35.0	OFF	78.7	59.9	380	DRY	515	378	55.76	1000	79.98	53.22	OFF	OFF	90.0	78.0	OFF	60.0
19-04-23 09:15:40	68.4	80.0	65.0	OFF	78.0	68.4	78.7	85.0	35.0	OFF	78.7	59.9	380	DRY	515	378	55.76	1000	79.98	53.22	OFF	OFF	90.0	78.0	OFF	60.0
19-04-23 09:30:00	68.3	80.0	65.0	OFF	78.0	68.3	78.8	85.0	35.0	OFF	78.8	59.9	379	DRY	515	378	55.86	1000	79.98	53.22	OFF	OFF	90.0	78.0	OFF	60.0
19-04-23 09:30:19	68.3	80.0	65.0	OFF	78.0	68.3	78.8	85.0	35.0	OFF	78.8	59.9	379	DRY	515	378	55.86	1000	79.98	53.22	OFF	OFF	90.0	78.0	OFF	60.0
19-04-23 09:30:38	68.3	80.0	65.0	OFF	78.0	68.3	78.8	85.0	35.0	OFF	78.8	59.9	378	DRY	515	378	55.96	1000	79.98	53.22	OFF	OFF	90.0	78.0	OFF	60.0
19-04-23 09:30:57	68.3	80.0	65.0	OFF	78.0	68.3	78.8	85.0	35.0	OFF	78.8	59.9	380	DRY	515	378	55.96	1000	79.98	53.22	OFF	OFF	90.0	78.0	OFF	60.0
19-04-23 09:45:17	68.2	80.0	65.0	OFF	78.0	68.2	78.9	85.0	35.0	OFF	78.9	59.9	378	DRY	515	376	55.86	1000	79.98	53.22	OFF	OFF	90.0	78.0	OFF	60.0
19-04-23 09:45:36	68.2	80.0	65.0	OFF	78.0	68.2	78.8	85.0	35.0	OFF	78.9	59.9	376	DRY	515	376	55.86	1000	79.98	53.22	OFF	OFF	90.0	78.0	OFF	60.0
19-04-23 09:45:55	68.2	80.0	65.0	OFF	78.0	68.2	78.9	85.0	35.0	OFF	78.9	59.9	376	DRY	515	376	55.86	1000	79.98	53.22	OFF	OFF	90.0	78.0	OFF	60.0
19-04-23 10:00:15	68.1	80.0	65.0	OFF	78.0	68.1	78.8	85.0	35.0	OFF	78.9	59.9	378	DRY	515	374	56.05	1000	79.98	53.22	OFF	OFF	90.0	78.0	OFF	60.0
19-04-23 10:00:34	68.1	80.0	65.0	OFF	78.0	68.1	78.9	85.0	35.0	OFF	78.9	59.9	378	DRY	515	374	56.05	1000	79.98	53.22	OFF	OFF	90.0	78.0	OFF	60.0
19-04-23 10:00:53	68.1	80.0	65.0	OFF	78.0	68.1	78.9	85.0	35.0	OFF	78.9	59.9	374	DRY	515	374	56.05	1000	79.98	53.22	OFF	OFF	90.0	78.0	OFF	60.0
19-04-23 10:15:13	68.0	80.0	65.0	OFF	78.0	67.9	79.0	85.0	35.0	OFF	79.0	59.9	371	DRY	515	371	55.76	1000	79.98	53.22	OFF	OFF	90.0	78.0	OFF	60.0
19-04-23 10:15:32	68.0	80.0	65.0	OFF	78.0	67.9	78.9	85.0	35.0	OFF	79.0	59.9	376	DRY	515	371	55.76	1000	79.98	53.22	OFF	OFF	90.0	78.0	OFF	60.0
19-04-23 10:15:51	68.0	80.0	65.0	OFF	78.0	67.9	79.0	85.0	35.0	OFF	79.0	59.9	372	DRY	515	371	55.66	1000	79.98	53.22	OFF	OFF	90.0	78.0	OFF	60.0
19-04-23 10:30:11	67.8	80.0	65.0	OFF	78.0	67.8	79.0	85.0	35.0	OFF	79.0	59.9	373	DRY	515	368	55.76	1000	79.98	53.22	OFF	OFF	90.0	78.0	OFF	60.0
19-04-23 10:30:30	67.8	80.0	65.0	OFF	78.0	67.8	78.9	85.0	35.0	OFF	79.0	59.9	372	DRY	515	368	55.76	1000	79.98	53.22	OFF	OFF	90.0	78.0	OFF	60.0
19-04-23 10:30:49	67.8	80.0	65.0	OFF	78.0	67.8	78.9	85.0	35.0	OFF	79.0	59.9	372	DRY	515	368	55.76	1000	79.98	53.22	OFF	OFF	90.0	78.0	OFF	60.0
19-04-23 10:45:09	67.7	80.0	65.0	OFF	78.0	67.7	79.1	85.0	35.0	OFF	79.1	59.9	370	DRY	515	367	55.66	1000	79.98	53.22	OFF	OFF	90.0	78.0	OFF	60.0
19-04-23 10:45:28	67.7	80.0	65.0	OFF	78.0	67.7	79.1	85.0	35.0	OFF	79.1	59.9	369	DRY	515	367	55.66	1000	79.98	53.22	OFF	OFF	90.0	78.0	OFF	60.0
19-04-23 10:45:47	67.7	80.0	65.0	OFF	78.0	67.7	79.1	85.0	35.0	OFF	79.1	59.9	367	DRY	515	367	55.66	1000	79.98	53.22	OFF	OFF	90.0	78.0	OFF	60.0
19-04-23 11:00:07	67.7	80.0	65.0	OFF	78.0	67.6	79.1	85.0	35.0	OFF	79.2	59.9	368	DRY	515	364	55.66	1000	79.98	53.22	OFF	OFF	90.0	78.0	OFF	60.0
19-04-23 11:00:26	67.7	80.0	65.0	OFF	78.0	67.6	79.1	85.0	35.0	OFF	79.2	59.9	365	DRY	515	364	55.66	1000	79.98	53.22	OFF	OFF	90.0	78.0	OFF	60.0
19-04-23 11:00:45	67.6	80.0	65.0	OFF	78.0	67.6	79.1	85.0	35.0	OFF	79.2	59.9	370	DRY	515	364	55.66	1000	79.98	53.22	OFF	OFF	90.0	78.0	OFF	60.0
19-04-23 11:15:05	67.6	80.0	65.0	OFF	78.0	67.5	79.2	85.0	35.0	OFF	79.3	59.9	365	DRY	515	362	55.66	1000	79.98	53.22	OFF	OFF	90.0	78.0	OFF	60.0
19-04-23 11:15:24	67.6	80.0	65.0	OFF	78.0	67.5	79.3	85.0	35.0	OFF	79.3	59.9	362	DRY	515	362	55.66	1000	79.98	53.22	OFF	OFF	90.0	78.0	OFF	60.0
19-04-23 11:15:43	67.5	80.0	65.0	OFF	78.0	67.5	79.2	85.0	35.0	OFF	79.3	59.9	362	DRY	515	362	55.66	1000	79.98	53.22	OFF	OFF	90.0	78.0	OFF	60.0
19-04-23 11:30:03	67.5	80.0	65.0	OFF	78.0	67.5	79.3	85.0	35.0	OFF	79.4	59.9	362	DRY	515	361	55.18	1000	79.98	53.22	OFF	OFF	90.0	78.0	OFF	60.0
19-04-23 11:30:22	67.5	80.0	65.0	OFF	78.0	67.5	79.2	85.0	35.0	OFF	79.4	59.9	364	DRY	515	361	55.27	1000	79.98	53.22	OFF	OFF	90.0	78.0	OFF	60.0
19-04-23 11:30:41	67.5	80.0	65.0	OFF	78.0	67.5	79.2	85.0	35.0	OFF	79.4	59.9	363	DRY	515	361	55.18	1000	79.98	53.22	OFF	OFF	90.0	78.0	OFF	60.0
19-04-23 11:45:01	67.4	80.0	65.0	OFF	78.0	67.4	79.3	85.0	35.0	OFF	79.4	59.9	359	DRY	515	358	54.79	1000	79.98	53.22	OFF	OFF	90.0	78.0	OFF	60.0
19-04-23 11:45:20	67.4	80.0	65.0	OFF	78.0	67.4	79.3	85.0	35.0	OFF	79.4	59.9	359	DRY	515	358	54.69	1000	79.98	53.22	OFF	OFF	90.0	78.0	OFF	60.0
19-04-23 11:45:39	67.4	80.0	65.0	OFF	78.0	67.4	79.3	85.0	35.0	OFF	79.4	59.9	360	DRY	515	358	54.69	1000	79.98	53.22	OFF	OFF	90.0	78.0	OFF	60.0
19-04-23 11:45:58	67.4	80.0	65.0	OFF	78.0	67.4	79.2	85.0	35.0	OFF	79.4	59.9	360	DRY	515	358	54.59	1000	79.98	53.22	OFF	OFF	90.0	78.0	OFF	60.0
19-04-23 12:00:18	67.3	80.0	65.0	OFF	78.0	67.3	79.3	85.0	35.0	OFF	79.4	59.9	363	DRY	515	356	53.22	1000	79.98	52.83	OFF	OFF	90.0	78.0	OFF	60.0
19-04-23 12:00:37	67.3	80.0	65.0	OFF	78.0	67.3	79.3	85.0	35.0	OFF	79.4	59.9	360	DRY	515	356	53.13	1000	79.98	52.83	OFF	OFF	90.0	78.0	OFF	60.0
19-04-23 12:00:56	67.3	80.0	65.0	OFF	78.0	67.3	79.3	85.0	35.0	OFF	79.4	59.9	360	DRY	515	356	53.13	1000	79.98	52.83	OFF	OFF	90.0	78.0	OFF	60.0
19-04-23 12:15:16	67.2	80.0	65.0	OFF	78.0	67.2	79.4	85.0	35.0	OFF	79.4	59.9	357	DRY	515	356	53.13	1000	79.98	52.44	OFF	OFF	90.0	78.0	OFF	60.0
19-04-23 12:15:35	67.3	80.0	65.0	OFF	78.0	67.2	79.4	85.0	35.0	OFF	79.4	59.9	361	DRY	515	356	53.13	1000	79.98	52.44	OFF	OFF	90.0	78.0	OFF	60.0
19-04-23 12:15:54	67.2	80.0	65.0	OFF	78.0	67.2	79.3	85.0	35.0	OFF	79.4	59.9	359	DRY	515	356	53.22	1000	79.98	52.44	OFF	OFF	90.0	78.0	OFF	60.0
19-04-23 12:30:14	67.2	80.0	65.0	OFF	78.0	67.2	79.4	85.0	35.0	OFF	79.4	59.9	357	DRY	515	355	53.32	1000	79.98	52.44	OFF	OFF	90.0	78.0	OFF	60.0
19-04-23 12:30:33	67.2	80.0	65.0	OFF	78.0	67.2	79.3	85.0	35.0	OFF	79.4	59.9	360	DRY	515	355	53.32	1000	79.98	52.44	OFF	OFF	90.0	78.0	OFF	60.0
19-04-23 12:30:52	67.2	80.0	65.0	OFF	78.0	67.2	79.3	85.0	35.0	OFF	79.4	59.9	358	DRY	515	355	53.32	1000	79.98	52.44	OFF	OFF	90.0	78.0	OFF	60.0
19-04-23 12:45:12	67.1	80.0	65.0	OFF	78.0	67.1	79.4	85.0	35.0	OFF	79.4	59.9	354	DRY	515	354	53.22	1000	79.98	52.44	OFF	OFF	90.0	78.0	OFF	60.0
19-04-23 12:45:31	67.1	80.0	65.0	OFF	78.0	67.1	79.4	85.0	35.0	OFF	79.4	59.9	359	DRY	515	354	53.22	1000	79.98	52.44	OFF	OFF	90.0	78.0	OFF	60.0
19-04-23 12:45:50	67.1	80.0	65.0	OFF	78.0	67.1	79.4	85.0	35.0	OFF	79.4	59.9	356	DRY	515	354	53.22	1000	79.98	52.44	OFF	OFF	90.0	78.0	OFF	60.0
19-04-23 13:00:10	67.1	80.0	65.0	OFF	78.0	67.0	79.4	85.0	35.0	OFF	79.4	59.9	353	DRY	515	352	53.13	1000	79.98	52.44	OFF	OFF	90.0	78.0	OFF	60.0
19-04-23 13:00:29	67.0	80.0	65.0	OFF	78.0	67.0	79.3	85.0	35.0	OFF	79.4	59.9	354	DRY	515	352	53.13	1000	79.98	52.44	OFF	OFF	90.0	78.0	OFF	60.0
19-04-23 13:00:48	67.0	80.0	65.0	OFF	78.0	67.0	79.3	85.0	35.0	OFF	79.4	59.9	354	DRY	515	352	53.13	1000	79.98	52.44	OFF	OFF	90.0	78.0	OFF	60.0
19-04-23 13:15:08	67.0	80.0	65.0	OFF	78.0	67.0	79.4	85.0	35.0	OFF	79.4	59.9	350	DRY	515	350	53.13	1000	79.98	52.44	OFF	OFF	90.0	78.0	OFF	60.0
19-04-23 13:15:27	67.0	80.0	65.0	OFF	78.0	67.0	79.3	85.0	35.0	OFF	79.4	59.9	351	DRY	515	350	53.13	1000	79.98	52.44	OFF	OFF	90.0	78.0	OFF	60.0
19-04-23 13:15:46	67.0	80.0	65.0	OFF	78.0	67.0	79.4	85.0	35.0	OFF	79.4	59.9	354	DRY	515	350	53.03	1000	79.98	52.44	OFF	OFF	90.0	78.0	OFF	60.0
19-04-23 13:30:06	66.9	80.0	65.0	OFF	78.0	66.9	79.3	85.0	35.0	OFF	79.4	59.9	349	DRY	515	347	53.13	1000	79.98	52.44	OFF	OFF	90.0	78.0	OFF	60.0
19-04-23 13:30:25	66.9	80.0	65.0	OFF	78.0	66.9	79.3	85.0	35.0	OFF	79.4	59.9	351	DRY	515	347	53.13	1000	79.98	52.44	OFF	OFF	90.0	78.0	OFF	60.0
19-04-23 13:30:44	66.9	80.0	65.0	OFF	78.0	66.9	79.3	85.0	35.0	OFF	79.4	59.9	350	DRY	515	347	53.13	1000	79.98	52.44	OFF	OFF	90.0	78.0	OFF	60.0
19-04-23 13:45:03	66.9	80.0	65.0	OFF	78.0	66.8	79.3	85.0	35.0	OFF	79.4	59.9	350	DRY	515	347	53.32	1000	79.98	52.44	OFF	OFF	90.0	78.0	OFF	60.0
19-04-23 13:45:22	66.9	80.0	65.0	OFF	78.0	66.8	79.3	85.0	35.0	OFF	79.4	59.9	347	DRY	515	347	53.32	1000	79.98	52.44	OFF	OFF	90.0	78.0	OFF	60.0
19-04-23 13:45:42	66.9	80.0	65.0	OFF	78.0	66.8	79.3	85.0	35.0	OFF	79.4	59.9	347	DRY	515	347	53.32	1000	79.98	52.44	OFF	OFF	90.0	78.0	OFF	60.0
19-04-23 14:00:01	66.8	80.0	65.0	OFF	78.0	66.8	79.4	85.0	35.0	OFF	79.4	59.9	346	DRY	515	345	53.42	1000	79.98	52.44	OFF	OFF	90.0	78.0	OFF	60.0
19-04-23 14:00:20	66.8	80.0	65.0	OFF	78.0	66.8	79.4	85.0	35.0	OFF	79.4	59.9	347	DRY	515	345	53.42	1000	79.98	52.44	OFF	OFF	90.0	78.0	OFF	60.0
19-04-23 14:00:39	66.8	80.0	65.0	OFF	78.0	66.8	79.4	85.0	35.0	OFF	79.4	59.9	351	DRY	515	345	53.42	1000	79.98	52.44	OFF	OFF	90.0	78.0	OFF	60.0
19-04-23 14:00:59	66.8	80.0	65.0	OFF	78.0	66.8	79.4	85.0	35.0	OFF	79.4	59.9	345	DRY	515	345	53.42	1000	79.98	52.44	OFF	OFF	90.0	78.0	OFF	60.0
19-04-23 14:15:18	66.8	80.0	65.0	OFF	78.0	66.7	79.4	85.0	35.0	OFF	79.6	59.9	347	DRY	515	344	53.61	1000	79.98	52.44	OFF	OFF	90.0	78.0	OFF	60.0
19-04-23 14:15:37	66.8	80.0	65.0	OFF	78.0	66.7	79.4	85.0	35.0	OFF	79.6	59.9	345	DRY	515	344	53.61	1000	79.98	52.44	OFF	OFF	90.0	78.0	OFF	60.0
19-04-23 14:15:56	66.7	80.0	65.0	OFF	78.0	66.7	79.3	85.0	35.0	OFF	79.6	59.9	345	DRY	515	344	53.61	1000	79.98	52.44	OFF	OFF	90.0	78.0	OFF	60.0
19-04-23 14:30:16	66.7	80.0	65.0	OFF	78.0	66.7	79.5	85.0	35.0	OFF	79.6	59.9	341	DRY	515	338	53.71	1000	79.98	52.44	OFF	OFF	90.0	78.0	OFF	60.0
19-04-23 14:30:35	66.7	80.0	65.0	OFF	78.0	66.7	79.5	85.0	35.0	OFF	79.6	59.9	345	DRY	515	338	53.71	1000	79.98	52.44	OFF	OFF	90.0	78.0	OFF	60.0
19-04-23 14:30:54	66.7	80.0	65.0	OFF	78.0	66.7	79.5	85.0	35.0	OFF	79.6	59.9	343	DRY	515	338	53.61	1000	79.98	52.44	OFF	OFF	90.0	78.0	OFF	60.0
19-04-23 14:45:14	66.7	80.0	65.0	OFF	78.0	66.6	79.5	85.0	35.0	OFF	79.6	59.9	343	DRY	515	338	53.81	1000	79.98	52.44	OFF	OFF	90.0	78.0	OFF	60.0
19-04-23 14:45:33	66.7	80.0	65.0	OFF	78.0	66.6	79.5	85.0	35.0	OFF	79.6	59.9	343	DRY	515	338	53.81	1000	79.98	52.44	OFF	OFF	90.0	78.0	OFF	60.0
19-04-23 14:45:52	66.6	80.0	65.0	OFF	78.0	66.6	79.5	85.0	35.0	OFF	79.6	59.9	343	DRY	515	338	53.81	1000	79.98	52.44	OFF	OFF	90.0	78.0	OFF	60.0
19-04-23 15:00:12	66.7	80.0	65.0	OFF	78.0	66.6	79.6	85.0	35.0	OFF	79.8	59.9	344	DRY	515	338	53.22	1000	79.98	52.44	OFF	OFF	90.0	78.0	OFF	60.0
19-04-23 15:00:31	66.6	80.0	65.0	OFF	78.0	66.6	79.5	85.0	35.0	OFF	79.8	59.9	342	DRY	515	338	53.22	1000	79.98	52.44	OFF	OFF	90.0	78.0	OFF	60.0
19-04-23 15:00:50	66.6	80.0	65.0	OFF	78.0	66.6	79.5	85.0	35.0	OFF	79.8	59.9	342	DRY	515	338	53.22	1000	79.98	52.44	OFF	OFF	90.0	78.0	OFF	60.0
19-04-23 15:15:09	66.6	80.0	65.0	OFF	78.0	66.5	79.4	85.0	35.0	OFF	79.8	59.9	340	DRY	515	338	53.22	1000	79.98	52.44	OFF	OFF	90.0	78.0	OFF	60.0
19-04-23 15:15:28	66.6	80.0	65.0	OFF	78.0	66.5	79.4	85.0	35.0	OFF	79.8	59.9	343	DRY	515	338	53.22	1000	79.98	52.44	OFF	OFF	90.0	78.0	OFF	60.0
19-04-23 15:15:48	66.6	80.0	65.0	OFF	78.0	66.5	79.5	85.0	35.0	OFF	79.8	59.9	340	DRY	515	338	53.22	1000	79.98	52.44	OFF	OFF	90.0	78.0	OFF	60.0
19-04-23 15:30:07	66.5	80.0	65.0	OFF	78.0	66.5	79.3	85.0	35.0	OFF	79.8	59.9	340	DRY	515	337	53.22	1000	79.98	52.44	OFF	OFF	90.0	78.0	OFF	60.0
19-04-23 15:30:26	66.6	80.0	65.0	OFF	78.0	66.5	79.3	85.0	35.0	OFF	79.8	59.9	341	DRY	515	337	53.22	1000	79.98	52.44	OFF	OFF	90.0	78.0	OFF	60.0
19-04-23 15:30:45	66.6	80.0	65.0	OFF	78.0	66.5	79.4	85.0	35.0	OFF	79.8	59.9	339	DRY	515	337	53.22	1000	79.98	52.44	OFF	OFF	90.0	78.0	OFF	60.0
19-04-23 15:45:05	66.6	80.0	65.0	OFF	78.0	66.5	79.7	85.0	35.0	OFF	79.8	59.9	337	DRY	515	337	53.32	1000	79.98	52.44	OFF	OFF	90.0	78.0	OFF	60.0
19-04-23 15:45:24	66.5	80.0	65.0	OFF	78.0	66.5	79.7	85.0	35.0	OFF	79.8	59.9	336	DRY	515	336	53.22	1000	79.98	52.44	OFF	OFF	90.0	78.0	OFF	60.0
19-04-23 15:45:43	66.5	80.0	65.0	OFF	78.0	66.5	79.8	85.0	35.0	OFF	79.8	59.9	341	DRY	515	336	53.32	1000	79.98	52.44	OFF	OFF	90.0	78.0	OFF	60.0
19-04-23 16:00:03	66.5	80.0	65.0	OFF	78.0	66.5	79.8	85.0	35.0	OFF	79.9	59.9	337	DRY	515	336	53.32	1000	79.98	52.44	OFF	OFF	90.0	78.0	OFF	60.0
19-04-23 16:00:22	66.5	80.0	65.0	OFF	78.0	66.5	79.8	85.0	35.0	OFF	79.9	59.9	338	DRY	515	336	53.32	1000	79.98	52.44	OFF	OFF	90.0	78.0	OFF	60.0
19-04-23 16:00:41	66.5	80.0	65.0	OFF	78.0	66.5	79.8	85.0	35.0	OFF	79.9	59.9	338	DRY	515	336	53.32	1000	79.98	52.44	OFF	OFF	90.0	78.0	OFF	60.0
19-04-23 16:15:01	66.4	80.0	65.0	OFF	78.0	66.4	79.8	85.0	35.0	OFF	79.9	59.9	341	DRY	515	336	53.32	1000	79.98	52.44	OFF	OFF	90.0	78.0	OFF	60.0
19-04-23 16:15:20	66.5	80.0	65.0	OFF	78.0	66.4	79.9	85.0	35.0	OFF	79.9	59.9	341	DRY	515	336	53.32	1000	79.98	52.44	OFF	OFF	90.0	78.0	OFF	60.0
19-04-23 16:15:39	66.5	80.0	65.0	OFF	78.0	66.4	79.9	85.0	35.0	OFF	79.9	59.9	342	DRY	515	336	53.32	1000	79.98	52.44	OFF	OFF	90.0	78.0	OFF	60.0
19-04-23 16:15:58	66.5	80.0	65.0	OFF	78.0	66.4	79.8	85.0	35.0	OFF	79.9	59.9	339	DRY	515	336	53.32	1000	79.98	52.44	OFF	OFF	90.0	78.0	OFF	60.0
19-04-23 16:30:18	66.4	80.0	65.0	OFF	78.0	66.4	79.9	85.0	35.0	OFF	80.0	59.9	342	DRY	515	336	53.22	1000	79.98	52.44	OFF	OFF	90.0	78.0	OFF	60.0
19-04-23 16:30:37	66.5	80.0	65.0	OFF	78.0	66.4	79.9	85.0	35.0	OFF	80.0	59.9	345	DRY	515	336	53.22	1000	79.98	52.44	OFF	OFF	90.0	78.0	OFF	60.0
19-04-23 16:30:56	66.4	80.0	65.0	OFF	78.0	66.4	79.8	85.0	35.0	OFF	80.0	59.9	340	DRY	515	336	53.32	1000	79.98	52.44	OFF	OFF	90.0	78.0	OFF	60.0
19-04-23 16:45:16	66.4	80.0	65.0	OFF	78.0	66.4	80.0	85.0	35.0	OFF	80.1	59.9	339	DRY	515	336	55.27	1000	79.98	52.44	OFF	OFF	90.0	78.0	OFF	60.0
19-04-23 16:45:35	66.4	80.0	65.0	OFF	78.0	66.4	80.0	85.0	35.0	OFF	80.1	59.9	338	DRY	515	336	55.27	1000	79.98	52.44	OFF	OFF	90.0	78.0	OFF	60.0
19-04-23 16:45:54	66.4	80.0	65.0	OFF	78.0	66.4	80.0	85.0	35.0	OFF	80.1	59.9	340	DRY	515	336	55.27	1000	79.98	52.44	OFF	OFF	90.0	78.0	OFF	60.0
19-04-23 17:00:14	66.4	80.0	65.0	OFF	78.0	66.4	80.0	85.0	35.0	OFF	80.2	59.9	338	DRY	515	336	55.27	1000	79.98	52.44	OFF	OFF	90.0	78.0	OFF	60.0
19-04-23 17:00:33	66.4	80.0	65.0	OFF	78.0	66.4	80.1	85.0	35.0	OFF	80.2	59.9	341	DRY	515	336	55.27	1000	79.98	52.44	OFF	OFF	90.0	78.0	OFF	60.0
19-04-23 17:00:52	66.4	80.0	65.0	OFF	78.0	66.4	80.0	85.0	35.0	OFF	80.2	59.9	339	DRY	515	336	55.27	1000	79.98	52.44	OFF	OFF	90.0	78.0	OFF	60.0
19-04-23 17:15:12	66.3	80.0	65.0	OFF	78.0	66.3	79.8	85.0	35.0	OFF	80.2	59.9	339	DRY	515	334	55.27	1000	79.98	52.44	OFF	OFF	90.0	78.0	OFF	60.0
19-04-23 17:15:31	66.3	80.0	65.0	OFF	78.0	66.3	80.0	85.0	35.0	OFF	80.2	59.9	338	DRY	515	334	55.27	1000	79.98	52.44	OFF	OFF	90.0	78.0	OFF	60.0
19-04-23 17:15:50	66.3	80.0	65.0	OFF	78.0	66.3	79.9	85.0	35.0	OFF	80.2	59.9	337	DRY	515	334	55.27	1000	79.98	52.44	OFF	OFF	90.0	78.0	OFF	60.0
19-04-23 17:30:09	66.3	80.0	65.0	OFF	78.0	66.3	80.0	85.0	35.0	OFF	80.2	59.9	334	DRY	515	333	55.37	1000	79.98	52.44	OFF	OFF	90.0	78.0	OFF	60.0
19-04-23 17:30:29	66.4	80.0	65.0	OFF	78.0	66.3	80.0	85.0	35.0	OFF	80.2	59.9	333	DRY	515	333	55.27	1000	79.98	52.44	OFF	OFF	90.0	78.0	OFF	60.0
19-04-23 17:30:48	66.4	80.0	65.0	OFF	78.0	66.3	80.1	85.0	35.0	OFF	80.2	59.9	334	DRY	515	333	55.37	1000	79.98	52.44	OFF	OFF	90.0	78.0	OFF	60.0
19-04-23 17:45:07	66.3	80.0	65.0	OFF	78.0	66.3	79.9	85.0	35.0	OFF	80.2	59.9	334	DRY	515	331	55.37	1000	79.98	52.44	OFF	OFF	90.0	78.0	OFF	60.0
19-04-23 17:45:26	66.3	80.0	65.0	OFF	78.0	66.3	79.9	85.0	35.0	OFF	80.2	59.9	335	DRY	515	331	55.37	1000	79.98	52.44	OFF	OFF	90.0	78.0	OFF	60.0
19-04-23 17:45:46	66.3	80.0	65.0	OFF	78.0	66.3	79.9	85.0	35.0	OFF	80.2	59.9	331	DRY	515	331	55.37	1000	79.98	52.44	OFF	OFF	90.0	78.0	OFF	60.0
19-04-23 18:00:05	66.3	80.0	65.0	OFF	78.0	66.3	79.7	85.0	35.0	OFF	80.2	59.9	332	DRY	515	329	55.37	1000	79.98	52.44	OFF	OFF	90.0	78.0	OFF	60.0
19-04-23 18:00:24	66.3	80.0	65.0	OFF	78.0	66.3	79.7	85.0	35.0	OFF	80.2	59.9	332	DRY	515	329	55.37	1000	79.98	52.44	OFF	OFF	90.0	78.0	OFF	60.0
19-04-23 18:00:44	66.3	80.0	65.0	OFF	78.0	66.3	79.7	85.0	35.0	OFF	80.2	59.9	331	DRY	515	329	55.37	1000	79.98	52.44	OFF	OFF	90.0	78.0	OFF	60.0
19-04-23 18:15:03	66.7	80.0	65.0	OFF	78.0	66.2	78.9	85.0	35.0	OFF	80.6	59.9	328	DRY	515	327	56.05	1000	79.98	52.44	OFF	OFF	90.0	78.0	OFF	60.0
19-04-23 18:15:22	66.7	80.0	65.0	OFF	78.0	66.2	78.7	85.0	35.0	OFF	80.6	59.9	331	DRY	515	327	56.25	1000	79.98	52.44	OFF	OFF	90.0	78.0	OFF	60.0
19-04-23 18:15:42	66.8	80.0	65.0	OFF	78.0	66.2	79.0	85.0	35.0	OFF	80.6	59.9	332	DRY	515	327	56.35	1000	79.98	52.44	OFF	OFF	90.0	78.0	OFF	60.0
19-04-23 18:30:01	67.3	80.0	65.0	OFF	78.0	66.2	77.2	85.0	35.0	OFF	80.6	59.9	327	DRY	515	327	56.54	1000	79.98	52.44	OFF	OFF	90.0	78.0	OFF	60.0
19-04-23 18:30:20	67.4	80.0	65.0	OFF	78.0	66.2	77.2	85.0	35.0	OFF	80.6	59.9	328	DRY	515	327	56.54	1000	79.98	52.44	OFF	OFF	90.0	78.0	OFF	60.0
19-04-23 18:30:40	67.4	80.0	65.0	OFF	78.0	66.2	77.2	85.0	35.0	OFF	80.6	59.9	328	DRY	515	327	56.54	1000	79.98	52.44	OFF	OFF	90.0	78.0	OFF	60.0
19-04-23 18:30:59	67.4	80.0	65.0	OFF	78.0	66.2	77.2	85.0	35.0	OFF	80.6	59.9	331	DRY	515	327	56.35	1000	79.98	52.44	OFF	OFF	90.0	78.0	OFF	60.0
19-04-23 18:45:19	67.9	80.0	65.0	OFF	78.0	66.2	76.2	85.0	35.0	OFF	80.6	59.9	330	DRY	515	327	56.54	1000	79.98	52.44	OFF	OFF	90.0	78.0	OFF	60.0
19-04-23 18:45:38	67.9	80.0	65.0	OFF	78.0	66.2	76.3	85.0	35.0	OFF	80.6	59.9	330	DRY	515	327	56.54	1000	79.98	52.44	OFF	OFF	90.0	78.0	OFF	60.0
19-04-23 18:45:57	67.9	80.0	65.0	OFF	78.0	66.2	76.4	85.0	35.0	OFF	80.6	59.9	330	DRY	515	327	56.64	1000	79.98	52.44	OFF	OFF	90.0	78.0	OFF	60.0
19-04-23 19:00:17	68.3	80.0	65.0	OFF	78.0	66.2	75.6	85.0	35.0	OFF	80.6	59.9	328	DRY	515	327	56.54	1000	79.98	52.44	OFF	OFF	90.0	78.0	OFF	60.0
19-04-23 19:00:36	68.3	80.0	65.0	OFF	78.0	66.2	75.6	85.0	35.0	OFF	80.6	59.9	329	DRY	515	327	56.54	1000	79.98	52.44	OFF	OFF	90.0	78.0	OFF	60.0
19-04-23 19:00:55	68.3	80.0	65.0	OFF	78.0	66.2	75.5	85.0	35.0	OFF	80.6	59.9	329	DRY	515	327	56.64	1000	79.98	52.44	OFF	OFF	90.0	78.0	OFF	60.0
19-04-23 19:15:15	68.6	80.0	65.0	OFF	78.0	66.2	75.0	85.0	35.0	OFF	80.6	59.9	326	DRY	515	325	56.74	1000	79.98	52.44	OFF	OFF	90.0	78.0	OFF	60.0
19-04-23 19:15:34	68.6	80.0	65.0	OFF	78.0	66.2	74.9	85.0	35.0	OFF	80.6	59.9	325	DRY	515	325	56.74	1000	79.98	52.44	OFF	OFF	90.0	78.0	OFF	60.0
19-04-23 19:15:53	68.6	80.0	65.0	OFF	78.0	66.2	75.0	85.0	35.0	OFF	80.6	59.9	325	DRY	515	325	56.74	1000	79.98	52.44	OFF	OFF	90.0	78.0	OFF	60.0
19-04-23 19:30:13	68.8	80.0	65.0	OFF	78.0	66.2	74.6	85.0	35.0	OFF	80.6	59.9	329	DRY	515	324	56.84	1000	79.98	52.44	OFF	OFF	90.0	78.0	OFF	60.0
19-04-23 19:30:32	68.9	80.0	65.0	OFF	78.0	66.2	74.7	85.0	35.0	OFF	80.6	59.9	325	DRY	515	324	56.74	1000	79.98	52.44	OFF	OFF	90.0	78.0	OFF	60.0
19-04-23 19:30:51	68.8	80.0	65.0	OFF	78.0	66.2	74.6	85.0	35.0	OFF	80.6	59.9	326	DRY	515	324	56.74	1000	79.98	52.44	OFF	OFF	90.0	78.0	OFF	60.0
19-04-23 19:45:11	69.2	80.0	65.0	OFF	78.0	66.2	72.6	85.0	35.0	OFF	80.6	59.9	327	DRY	515	323	58.01	1000	79.98	52.44	OFF	OFF	90.0	78.0	OFF	60.0
19-04-23 19:45:30	69.2	80.0	65.0	OFF	78.0	66.2	72.7	85.0	35.0	OFF	80.6	59.9	324	DRY	515	323	58.01	1000	79.98	52.44	OFF	OFF	90.0	78.0	OFF	60.0
19-04-23 19:45:49	69.3	80.0	65.0	OFF	78.0	66.2	73.0	85.0	35.0	OFF	80.6	59.9	327	DRY	515	323	58.11	1000	79.98	52.44	OFF	OFF	90.0	78.0	OFF	60.0
19-04-23 20:00:09	71.7	80.0	65.0	OFF	78.0	66.2	73.1	85.0	35.0	OFF	80.6	59.9	328	DRY	515	323	58.4	1000	79.98	52.44	OFF	OFF	90.0	78.0	OFF	60.0
19-04-23 20:00:28	71.7	80.0	65.0	OFF	78.0	66.2	73.1	85.0	35.0	OFF	80.6	59.9	328	DRY	515	323	58.4	1000	79.98	52.44	OFF	OFF	90.0	78.0	OFF	60.0
19-04-23 20:00:47	71.8	80.0	65.0	OFF	78.0	66.2	73.0	85.0	35.0	OFF	80.6	59.9	329	DRY	515	323	58.4	1000	79.98	52.44	OFF	OFF	90.0	78.0	OFF	60.0
19-04-23 20:15:06	74.0	80.0	65.0	OFF	78.0	66.2	70.8	85.0	35.0	OFF	80.6	59.9	330	DRY	515	323	58.69	1000	79.98	52.44	OFF	OFF	90.0	78.0	OFF	60.0
19-04-23 20:15:26	74.0	80.0	65.0	OFF	78.0	66.2	70.8	85.0	35.0	OFF	80.6	59.9	328	DRY	515	323	58.59	1000	79.98	52.44	OFF	OFF	90.0	78.0	OFF	60.0
19-04-23 20:15:45	74.1	80.0	65.0	OFF	78.0	66.2	70.8	85.0	35.0	OFF	80.6	59.9	329	DRY	515	323	58.59	1000	79.98	52.44	OFF	OFF	90.0	78.0	OFF	60.0
19-04-23 20:30:05	75.6	80.0	65.0	OFF	78.0	66.2	69.4	85.0	35.0	OFF	80.6	59.9	327	DRY	515	323	58.79	1000	79.98	52.44	OFF	OFF	90.0	78.0	OFF	60.0
19-04-23 20:30:24	75.7	80.0	65.0	OFF	78.0	66.2	69.5	85.0	35.0	OFF	80.6	59.9	330	DRY	515	323	58.79	1000	79.98	52.44	OFF	OFF	90.0	78.0	OFF	60.0
19-04-23 20:30:43	75.7	80.0	65.0	OFF	78.0	66.2	69.4	85.0	35.0	OFF	80.6	59.9	328	DRY	515	323	58.79	1000	79.98	52.44	OFF	OFF	90.0	78.0	OFF	60.0
19-04-23 20:45:02	77.0	80.0	65.0	OFF	78.0	66.2	68.5	85.0	35.0	OFF	80.6	59.9	325	DRY	515	323	58.79	1000	79.98	52.44	OFF	OFF	90.0	78.0	OFF	60.0
19-04-23 20:45:21	77.0	80.0	65.0	OFF	78.0	66.2	68.4	85.0	35.0	OFF	80.6	59.9	326	DRY	515	323	58.89	1000	79.98	52.44	OFF	OFF	90.0	78.0	OFF	60.0
19-04-23 20:45:41	77.0	80.0	65.0	OFF	78.0	66.2	68.4	85.0	35.0	OFF	80.6	59.9	327	DRY	515	323	58.79	1000	79.98	52.44	OFF	OFF	90.0	78.0	OFF	60.0
19-04-23 21:00:00	78.0	80.0	65.0	OFF	78.1	66.2	58.9	85.0	35.0	OFF	80.6	58.9	320	DRY	515	320	58.3	1000	79.98	52.44	OFF	OFF	90.0	78.0	ON	60.0
19-04-23 21:00:19	78.0	80.0	65.0	OFF	78.1	66.2	58.6	85.0	35.0	OFF	80.6	58.6	318	DRY	515	318	58.3	1000	79.98	52.44	OFF	OFF	90.0	78.0	ON	60.0
19-04-23 21:00:39	78.0	80.0	65.0	OFF	78.1	66.2	58.6	85.0	35.0	OFF	80.6	58.6	319	DRY	515	318	58.4	1000	79.98	52.44	OFF	OFF	90.0	78.0	ON	60.0
19-04-23 21:00:58	78.0	80.0	65.0	OFF	78.1	66.2	58.8	85.0	35.0	OFF	80.6	58.6	322	DRY	515	318	58.4	1000	79.98	52.44	OFF	OFF	90.0	78.0	ON	60.0
19-04-23 21:15:17	78.0	80.0	65.0	OFF	78.1	66.2	59.4	85.0	35.0	OFF	80.6	57.9	318	DRY	515	315	57.62	1000	79.98	52.44	OFF	OFF	90.0	78.0	ON	60.0
19-04-23 21:15:36	78.0	80.0	65.0	OFF	78.1	66.2	58.8	85.0	35.0	OFF	80.6	57.9	319	DRY	515	315	57.71	1000	79.98	52.44	OFF	OFF	90.0	78.0	ON	60.0
19-04-23 21:15:56	78.0	80.0	65.0	OFF	78.1	66.2	58.8	85.0	35.0	OFF	80.6	57.9	319	DRY	515	315	57.71	1000	79.98	52.44	OFF	OFF	90.0	78.0	ON	60.0
19-04-23 21:30:15	78.0	80.0	65.0	OFF	78.1	66.2	57.6	85.0	35.0	OFF	80.6	57.2	318	DRY	515	312	57.42	1000	79.98	52.44	OFF	OFF	90.0	78.0	ON	60.0
19-04-23 21:30:34	78.0	80.0	65.0	OFF	78.1	66.2	57.7	85.0	35.0	OFF	80.6	57.2	317	DRY	515	312	57.52	1000	79.98	52.44	OFF	OFF	90.0	78.0	ON	60.0
19-04-23 21:30:53	78.0	80.0	65.0	OFF	78.1	66.2	57.8	85.0	35.0	OFF	80.6	57.2	316	DRY	515	312	57.62	1000	79.98	52.44	OFF	OFF	90.0	78.0	ON	60.0
19-04-23 21:45:16	78.0	80.0	65.0	OFF	78.1	77.9	56.9	85.0	35.0	OFF	58.8	56.4	315	DRY	319	313	54.49	1000	57.62	54.2	OFF	OFF	90.0	78.0	ON	60.0
19-04-23 21:45:35	78.0	80.0	65.0	OFF	78.1	77.9	57.0	85.0	35.0	OFF	58.8	56.4	315	DRY	319	313	54.59	1000	57.62	54.2	OFF	OFF	90.0	78.0	ON	60.0
19-04-23 21:45:54	78.0	80.0	65.0	OFF	78.1	77.9	57.2	85.0	35.0	OFF	58.8	56.4	315	DRY	319	313	54.59	1000	57.62	54.2	OFF	OFF	90.0	78.0	ON	60.0
19-04-23 22:45:06	81.0	80.0	65.0	ON	81.0	78.0	63.3	85.0	35.0	OFF	63.3	56.8	317	DRY	317	315	54.88	1000	54.88	54.88	OFF	OFF	90.0	78.0	OFF	60.0
19-04-23 22:45:25	80.9	80.0	65.0	ON	81.0	78.0	63.3	85.0	35.0	OFF	63.3	56.8	316	DRY	317	315	54.88	1000	54.88	54.88	OFF	OFF	90.0	78.0	OFF	60.0
19-04-23 22:45:44	81.0	80.0	65.0	ON	81.0	78.0	63.3	85.0	35.0	OFF	63.3	56.8	315	DRY	317	315	54.79	1000	54.88	54.79	OFF	OFF	90.0	78.0	OFF	60.0
