19-04-22 00:00:07	74.2	80.0	65.0	OFF	76.4	74.2	61.6	85.0	35.0	OFF	61.6	55.6	633	PERFECT	639	632	13.96	1000	14.45	13.77	OFF	OFF	90.0	78.0	OFF	60.0
19-04-22 00:00:26	74.2	80.0	65.0	OFF	76.4	74.2	61.5	85.0	35.0	OFF	61.6	55.6	633	PERFECT	639	632	13.96	1000	14.45	13.77	OFF	OFF	90.0	78.0	OFF	60.0
19-04-22 00:00:45	74.2	80.0	65.0	OFF	76.4	74.2	61.7	85.0	35.0	OFF	61.7	55.6	634	PERFECT	639	632	13.87	1000	14.45	13.77	OFF	OFF	90.0	78.0	OFF	60.0
19-04-22 00:15:02	73.5	80.0	65.0	OFF	76.4	73.5	62.6	85.0	35.0	OFF	62.8	55.6	634	PERFECT	639	630	13.87	1000	14.45	13.67	OFF	OFF	90.0	78.0	OFF	60.0
19-04-22 00:15:21	73.5	80.0	65.0	OFF	76.4	73.5	62.8	85.0	35.0	OFF	62.8	55.6	631	PERFECT	639	630	13.77	1000	14.45	13.67	OFF	OFF	90.0	78.0	OFF	60.0
19-04-22 00:15:40	73.5	80.0	65.0	OFF	76.4	73.5	62.7	85.0	35.0	OFF	62.8	55.6	630	PERFECT	639	630	13.87	1000	14.45	13.67	OFF	OFF	90.0	78.0	OFF	60.0
19-04-22 00:15:59	73.5	80.0	65.0	OFF	76.4	73.5	62.7	85.0	35.0	OFF	62.8	55.6	632	PERFECT	639	630	13.96	1000	14.45	13.67	OFF	OFF	90.0	78.0	OFF	60.0
19-04-22 00:30:15	73.0	80.0	65.0	OFF	76.4	73.0	63.5	85.0	35.0	OFF	63.7	55.6	631	PERFECT	639	629	13.77	1000	14.45	13.67	OFF	OFF	90.0	78.0	OFF	60.0
19-04-22 00:30:34	73.0	80.0	65.0	OFF	76.4	73.0	63.6	85.0	35.0	OFF	63.7	55.6	630	PERFECT	639	629	13.77	1000	14.45	13.67	OFF	OFF	90.0	78.0	OFF	60.0
19-04-22 00:30:53	73.0	80.0	65.0	OFF	76.4	73.0	63.7	85.0	35.0	OFF	63.7	55.6	629	PERFECT	639	629	13.77	1000	14.45	13.67	OFF	OFF	90.0	78.0	OFF	60.0
19-04-22 00:45:10	72.6	80.0	65.0	OFF	76.4	72.6	64.2	85.0	35.0	OFF	64.2	55.6	627	PERFECT	639	627	13.87	1000	14.45	13.57	OFF	OFF	90.0	78.0	OFF	60.0
19-04-22 00:45:29	72.7	80.0	65.0	OFF	76.4	72.6	64.3	85.0	35.0	OFF	64.3	55.6	630	PERFECT	639	627	13.57	1000	14.45	13.57	OFF	OFF	90.0	78.0	OFF	60.0
19-04-22 00:45:48	72.6	80.0	65.0	OFF	76.4	72.6	64.3	85.0	35.0	OFF	64.3	55.6	628	PERFECT	639	627	13.57	1000	14.45	13.57	OFF	OFF	90.0	78.0	OFF	60.0
19-04-22 01:00:04	72.3	80.0	65.0	OFF	76.4	72.3	64.7	85.0	35.0	OFF	64.7	55.6	626	PERFECT	639	625	13.57	1000	14.45	13.48	OFF	OFF	90.0	78.0	OFF	60.0
19-04-22 01:00:23	72.3	80.0	65.0	OFF	76.4	72.3	64.6	85.0	35.0	OFF	64.7	55.6	627	PERFECT	639	625	13.57	1000	14.45	13.48	OFF	OFF	90.0	78.0	OFF	60.0
19-04-22 01:00:42	72.3	80.0	65.0	OFF	76.4	72.3	64.5	85.0	35.0	OFF	64.7	55.6	628	PERFECT	639	625	13.57	1000	14.45	13.48	OFF	OFF	90.0	78.0	OFF	60.0
19-04-22 01:15:01	72.0	80.0	65.0	OFF	76.4	72.0	64.0	85.0	35.0	OFF	64.7	55.6	628	PERFECT	639	625	13.18	1000	14.45	12.79	OFF	OFF	90.0	78.0	OFF	60.0
19-04-22 01:15:20	72.0	80.0	65.0	OFF	76.4	72.0	64.1	85.0	35.0	OFF	64.7	55.6	628	PERFECT	639	625	13.18	1000	14.45	12.79	OFF	OFF	90.0	78.0	OFF	60.0
19-04-22 01:15:39	72.0	80.0	65.0	OFF	76.4	72.0	64.1	85.0	35.0	OFF	64.7	55.6	626	PERFECT	639	625	13.18	1000	14.45	12.79	OFF	OFF	90.0	78.0	OFF	60.0
19-04-22 01:15:58	72.0	80.0	65.0	OFF	76.4	72.0	64.2	85.0	35.0	OFF	64.7	55.6	629	PERFECT	639	625	13.28	1000	14.45	12.79	OFF	OFF	90.0	78.0	OFF	60.0
19-04-22 01:30:17	71.7	80.0	65.0	OFF	76.4	71.7	64.8	85.0	35.0	OFF	64.8	55.6	625	PERFECT	639	624	13.18	1000	14.45	12.79	OFF	OFF	90.0	78.0	OFF	60.0
19-04-22 01:30:36	71.7	80.0	65.0	OFF	76.4	71.7	64.8	85.0	35.0	OFF	64.8	55.6	626	PERFECT	639	624	13.18	1000	14.45	12.79	OFF	OFF	90.0	78.0	OFF	60.0
19-04-22 01:30:55	71.7	80.0	65.0	OFF	76.4	71.7	64.8	85.0	35.0	OFF	64.8	55.6	626	PERFECT	639	624	13.18	1000	14.45	12.79	OFF	OFF	90.0	78.0	OFF	60.0
19-04-22 01:45:14	71.4	80.0	65.0	OFF	76.4	71.4	65.1	85.0	35.0	OFF	65.1	55.6	624	PERFECT	639	622	13.18	1000	14.45	12.79	OFF	OFF	90.0	78.0	OFF	60.0
19-04-22 01:45:33	71.4	80.0	65.0	OFF	76.4	71.4	65.1	85.0	35.0	OFF	65.1	55.6	626	PERFECT	639	622	13.18	1000	14.45	12.79	OFF	OFF	90.0	78.0	OFF	60.0
19-04-22 01:45:52	71.4	80.0	65.0	OFF	76.4	71.4	65.1	85.0	35.0	OFF	65.1	55.6	623	PERFECT	639	622	13.09	1000	14.45	12.79	OFF	OFF	90.0	78.0	OFF	60.0
19-04-22 02:00:11	71.2	80.0	65.0	OFF	76.4	71.1	65.5	85.0	35.0	OFF	65.5	55.6	621	PERFECT	639	621	13.18	1000	14.45	12.79	OFF	OFF	90.0	78.0	OFF	60.0
19-04-22 02:00:30	71.2	80.0	65.0	OFF	76.4	71.1	65.5	85.0	35.0	OFF	65.5	55.6	624	PERFECT	639	621	12.99	1000	14.45	12.79	OFF	OFF	90.0	78.0	OFF	60.0
19-04-22 02:00:49	71.2	80.0	65.0	OFF	76.4	71.1	65.5	85.0	35.0	OFF	65.5	55.6	620	PERFECT	639	620	12.99	1000	14.45	12.79	OFF	OFF	90.0	78.0	OFF	60.0
19-04-22 02:15:08	70.9	80.0	65.0	OFF	76.4	70.9	65.7	85.0	35.0	OFF	65.7	55.6	624	PERFECT	639	620	12.89	1000	14.45	12.79	OFF	OFF	90.0	78.0	OFF	60.0
19-04-22 02:15:27	70.9	80.0	65.0	OFF	76.4	70.9	65.7	85.0	35.0	OFF	65.7	55.6	622	PERFECT	639	620	12.79	1000	14.45	12.79	OFF	OFF	90.0	78.0	OFF	60.0
19-04-22 02:15:46	70.9	80.0	65.0	OFF	76.4	70.9	65.7	85.0	35.0	OFF	65.7	55.6	621	PERFECT	639	620	13.38	1000	14.45	12.79	OFF	OFF	90.0	78.0	OFF	60.0
19-04-22 02:30:05	70.7	80.0	65.0	OFF	76.4	70.7	66.0	85.0	35.0	OFF	66.0	55.6	620	PERFECT	639	616	12.7	1000	14.45	12.6	OFF	OFF	90.0	78.0	OFF	60.0
19-04-22 02:30:24	70.7	80.0	65.0	OFF	76.4	70.7	66.0	85.0	35.0	OFF	66.0	55.6	620	PERFECT	639	616	12.89	1000	14.45	12.6	OFF	OFF	90.0	78.0	OFF	60.0
19-04-22 02:30:43	70.7	80.0	65.0	OFF	76.4	70.7	66.0	85.0	35.0	OFF	66.0	55.6	620	PERFECT	639	616	12.79	1000	14.45	12.6	OFF	OFF	90.0	78.0	OFF	60.0
19-04-22 02:45:03	70.5	80.0	65.0	OFF	76.4	70.5	66.3	85.0	35.0	OFF	66.4	55.6	621	PERFECT	639	616	12.6	1000	14.45	12.5	OFF	OFF	90.0	78.0	OFF	60.0
19-04-22 02:45:22	70.4	80.0	65.0	OFF	76.4	70.4	66.3	85.0	35.0	OFF	66.4	55.6	620	PERFECT	639	616	12.5	1000	14.45	12.5	OFF	OFF	90.0	78.0	OFF	60.0
19-04-22 02:45:41	70.4	80.0	65.0	OFF	76.4	70.4	66.3	85.0	35.0	OFF	66.4	55.6	620	PERFECT	639	616	12.6	1000	14.45	12.5	OFF	OFF	90.0	78.0	OFF	60.0
19-04-22 03:00:01	70.2	80.0	65.0	OFF	76.4	70.2	66.7	85.0	35.0	OFF	66.7	55.6	620	PERFECT	639	616	12.4	1000	14.45	12.3	OFF	OFF	90.0	78.0	OFF	60.0
19-04-22 03:00:20	70.2	80.0	65.0	OFF	76.4	70.2	66.6	85.0	35.0	OFF	66.7	55.6	622	PERFECT	639	616	12.4	1000	14.45	12.3	OFF	OFF	90.0	78.0	OFF	60.0
19-04-22 03:00:39	70.2	80.0	65.0	OFF	76.4	70.2	66.6	85.0	35.0	OFF	66.7	55.6	618	PERFECT	639	616	12.4	1000	14.45	12.3	OFF	OFF	90.0	78.0	OFF	60.0
19-04-22 03:00:58	70.2	80.0	65.0	OFF	76.4	70.2	66.7	85.0	35.0	OFF	66.7	55.6	617	PERFECT	639	616	12.4	1000	14.45	12.3	OFF	OFF	90.0	78.0	OFF	60.0
19-04-22 03:15:17	70.0	80.0	65.0	OFF	76.4	70.0	66.9	85.0	35.0	OFF	66.9	55.6	616	PERFECT	639	614	12.4	1000	14.45	12.21	OFF	OFF	90.0	78.0	OFF	60.0
19-04-22 03:15:36	70.0	80.0	65.0	OFF	76.4	70.0	66.9	85.0	35.0	OFF	66.9	55.6	616	PERFECT	639	614	12.3	1000	14.45	12.21	OFF	OFF	90.0	78.0	OFF	60.0
19-04-22 03:15:55	70.0	80.0	65.0	OFF	76.4	70.0	66.9	85.0	35.0	OFF	66.9	55.6	616	PERFECT	639	614	12.3	1000	14.45	12.21	OFF	OFF	90.0	78.0	OFF	60.0
19-04-22 03:30:14	69.8	80.0	65.0	OFF	76.4	69.8	67.2	85.0	35.0	OFF	67.3	55.6	616	PERFECT	639	613	12.21	1000	14.45	12.01	OFF	OFF	90.0	78.0	OFF	60.0
19-04-22 03:30:33	69.8	80.0	65.0	OFF	76.4	69.8	67.3	85.0	35.0	OFF	67.3	55.6	614	PERFECT	639	613	12.21	1000	14.45	12.01	OFF	OFF	90.0	78.0	OFF	60.0
19-04-22 03:30:52	69.8	80.0	65.0	OFF	76.4	69.8	67.3	85.0	35.0	OFF	67.3	55.6	617	PERFECT	639	613	12.21	1000	14.45	12.01	OFF	OFF	90.0	78.0	OFF	60.0
19-04-22 03:45:12	69.6	80.0	65.0	OFF	76.4	69.6	67.6	85.0	35.0	OFF	67.6	55.6	614	PERFECT	639	612	12.11	1000	14.45	12.01	OFF	OFF	90.0	78.0	OFF	60.0
19-04-22 03:45:31	69.6	80.0	65.0	OFF	76.4	69.6	67.6	85.0	35.0	OFF	67.6	55.6	613	PERFECT	639	612	12.11	1000	14.45	12.01	OFF	OFF	90.0	78.0	OFF	60.0
19-04-22 03:45:50	69.6	80.0	65.0	OFF	76.4	69.6	67.6	85.0	35.0	OFF	67.6	55.6	614	PERFECT	639	612	11.91	1000	14.45	11.91	OFF	OFF	90.0	78.0	OFF	60.0
19-04-22 04:00:09	69.4	80.0	65.0	OFF	76.4	69.3	67.8	85.0	35.0	OFF	67.8	55.6	613	PERFECT	639	611	11.91	1000	14.45	11.82	OFF	OFF	90.0	78.0	OFF	60.0
19-04-22 04:00:28	69.4	80.0	65.0	OFF	76.4	69.3	67.8	85.0	35.0	OFF	67.8	55.6	614	PERFECT	639	611	11.91	1000	14.45	11.82	OFF	OFF	90.0	78.0	OFF	60.0
19-04-22 04:00:47	69.4	80.0	65.0	OFF	76.4	69.3	67.8	85.0	35.0	OFF	67.8	55.6	611	PERFECT	639	611	11.91	1000	14.45	11.82	OFF	OFF	90.0	78.0	OFF	60.0
19-04-22 04:15:06	69.2	80.0	65.0	OFF	76.4	69.2	68.0	85.0	35.0	OFF	68.1	55.6	615	PERFECT	639	610	11.82	1000	14.45	11.72	OFF	OFF	90.0	78.0	OFF	60.0
19-04-22 04:15:25	69.2	80.0	65.0	OFF	76.4	69.2	68.1	85.0	35.0	OFF	68.1	55.6	613	PERFECT	639	610	11.72	1000	14.45	11.72	OFF	OFF	90.0	78.0	OFF	60.0
19-04-22 04:15:45	69.1	80.0	65.0	OFF	76.4	69.1	68.1	85.0	35.0	OFF	68.1	55.6	615	PERFECT	639	610	11.91	1000	14.45	11.72	OFF	OFF	90.0	78.0	OFF	60.0
19-04-22 04:30:04	69.0	80.0	65.0	OFF	76.4	69.0	68.5	85.0	35.0	OFF	68.5	55.6	614	PERFECT	639	608	11.52	1000	14.45	11.52	OFF	OFF	90.0	78.0	OFF	60.0
19-04-22 04:30:23	69.0	80.0	65.0	OFF	76.4	69.0	68.5	85.0	35.0	OFF	68.5	55.6	614	PERFECT	639	608	11.62	1000	14.45	11.52	OFF	OFF	90.0	78.0	OFF	60.0
19-04-22 04:30:42	69.0	80.0	65.0	OFF	76.4	69.0	68.5	85.0	35.0	OFF	68.5	55.6	614	PERFECT	639	608	11.62	1000	14.45	11.52	OFF	OFF	90.0	78.0	OFF	60.0
19-04-22 04:45:01	68.8	80.0	65.0	OFF	76.4	68.8	68.9	85.0	35.0	OFF	68.9	55.6	610	PERFECT	639	608	11.62	1000	14.45	11.52	OFF	OFF	90.0	78.0	OFF	60.0
19-04-22 04:45:20	68.8	80.0	65.0	OFF	76.4	68.8	68.9	85.0	35.0	OFF	68.9	55.6	610	PERFECT	639	608	11.62	1000	14.45	11.52	OFF	OFF	90.0	78.0	OFF	60.0
19-04-22 04:45:39	68.8	80.0	65.0	OFF	76.4	68.8	68.9	85.0	35.0	OFF	68.9	55.6	610	PERFECT	639	608	11.62	1000	14.45	11.52	OFF	OFF	90.0	78.0	OFF	60.0
19-04-22 04:45:58	68.8	80.0	65.0	OFF	76.4	68.8	68.8	85.0	35.0	OFF	68.9	55.6	611	PERFECT	639	608	11.52	1000	14.45	11.52	OFF	OFF	90.0	78.0	OFF	60.0
19-04-22 05:00:17	68.6	80.0	65.0	OFF	76.4	68.6	69.0	85.0	35.0	OFF	69.2	55.6	610	PERFECT	639	607	11.62	1000	14.45	11.33	OFF	OFF	90.0	78.0	OFF	60.0
19-04-22 05:00:36	68.6	80.0	65.0	OFF	76.4	68.6	69.0	85.0	35.0	OFF	69.2	55.6	609	PERFECT	639	607	11.43	1000	14.45	11.33	OFF	OFF	90.0	78.0	OFF	60.0
19-04-22 05:00:55	68.6	80.0	65.0	OFF	76.4	68.6	69.0	85.0	35.0	OFF	69.2	55.6	610	PERFECT	639	607	11.43	1000	14.45	11.33	OFF	OFF	90.0	78.0	OFF	60.0
19-04-22 05:15:14	68.4	80.0	65.0	OFF	76.4	68.4	69.1	85.0	35.0	OFF	69.2	55.6	609	PERFECT	639	607	11.23	1000	14.45	11.23	OFF	OFF	90.0	78.0	OFF	60.0
19-04-22 05:15:33	68.4	80.0	65.0	OFF	76.4	68.4	69.1	85.0	35.0	OFF	69.2	55.6	607	PERFECT	639	607	11.33	1000	14.45	11.23	OFF	OFF	90.0	78.0	OFF	60.0
19-04-22 05:15:52	68.4	80.0	65.0	OFF	76.4	68.4	69.1	85.0	35.0	OFF	69.2	55.6	608	PERFECT	639	607	11.33	1000	14.45	11.23	OFF	OFF	90.0	78.0	OFF	60.0
19-04-22 05:30:11	68.3	80.0	65.0	OFF	76.4	68.3	69.3	85.0	35.0	OFF	69.4	55.6	606	PERFECT	639	604	11.23	1000	14.45	11.13	OFF	OFF	90.0	78.0	OFF	60.0
19-04-22 05:30:30	68.3	80.0	65.0	OFF	76.4	68.3	69.3	85.0	35.0	OFF	69.4	55.6	608	PERFECT	639	604	11.23	1000	14.45	11.13	OFF	OFF	90.0	78.0	OFF	60.0
19-04-22 05:30:49	68.3	80.0	65.0	OFF	76.4	68.3	69.3	85.0	35.0	OFF	69.4	55.6	608	PERFECT	639	604	11.23	1000	14.45	11.13	OFF	OFF	90.0	78.0	OFF	60.0
19-04-22 05:45:09	68.1	80.0	65.0	OFF	76.4	68.1	69.3	85.0	35.0	OFF	69.4	55.6	606	PERFECT	639	604	11.13	1000	14.45	11.04	OFF	OFF	90.0	78.0	OFF	60.0
19-04-22 05:45:28	68.1	80.0	65.0	OFF	76.4	68.1	69.3	85.0	35.0	OFF	69.4	55.6	607	PERFECT	639	604	11.13	1000	14.45	11.04	OFF	OFF	90.0	78.0	OFF	60.0
19-04-22 05:45:47	68.1	80.0	65.0	OFF	76.4	68.1	69.3	85.0	35.0	OFF	69.4	55.6	606	PERFECT	639	604	11.04	1000	14.45	11.04	OFF	OFF	90.0	78.0	OFF	60.0
19-04-22 06:00:06	67.9	80.0	65.0	OFF	76.4	67.9	69.6	85.0	35.0	OFF	69.7	55.6	604	PERFECT	639	603	11.04	1000	14.45	10.94	OFF	OFF	90.0	78.0	OFF	60.0
19-04-22 06:00:25	67.9	80.0	65.0	OFF	76.4	67.9	69.7	85.0	35.0	OFF	69.7	55.6	602	PERFECT	639	602	11.04	1000	14.45	10.94	OFF	OFF	90.0	78.0	OFF	60.0
19-04-22 06:00:44	68.0	80.0	65.0	OFF	76.4	67.9	69.7	85.0	35.0	OFF	69.7	55.6	603	PERFECT	639	602	11.04	1000	14.45	10.94	OFF	OFF	90.0	78.0	OFF	60.0
19-04-22 06:15:03	67.8	80.0	65.0	OFF	76.4	67.8	69.9	85.0	35.0	OFF	69.9	55.6	602	PERFECT	639	602	10.84	1000	14.45	10.84	OFF	OFF	90.0	78.0	OFF	60.0
19-04-22 06:15:22	67.8	80.0	65.0	OFF	76.4	67.8	69.9	85.0	35.0	OFF	69.9	55.6	602	PERFECT	639	602	10.84	1000	14.45	10.84	OFF	OFF	90.0	78.0	OFF	60.0
19-04-22 06:15:41	67.8	80.0	65.0	OFF	76.4	67.8	69.9	85.0	35.0	OFF	69.9	55.6	602	PERFECT	639	602	10.84	1000	14.45	10.84	OFF	OFF	90.0	78.0	OFF	60.0
19-04-22 06:30:19	67.7	80.0	65.0	OFF	76.4	67.6	70.1	85.0	35.0	OFF	70.1	55.6	602	PERFECT	639	600	10.84	1000	14.45	10.64	OFF	OFF	90.0	78.0	OFF	60.0
19-04-22 06:30:38	67.7	80.0	65.0	OFF	76.4	67.6	70.1	85.0	35.0	OFF	70.1	55.6	601	PERFECT	639	600	10.84	1000	14.45	10.64	OFF	OFF	90.0	78.0	OFF	60.0
19-04-22 06:30:57	67.7	80.0	65.0	OFF	76.4	67.6	70.1	85.0	35.0	OFF	70.1	55.6	600	PERFECT	639	600	10.84	1000	14.45	10.64	OFF	OFF	90.0	78.0	OFF	60.0
19-04-22 06:45:16	67.5	80.0	65.0	OFF	76.4	67.5	70.3	85.0	35.0	OFF	70.5	55.6	600	PERFECT	639	599	10.64	1000	14.45	10.55	OFF	OFF	90.0	78.0	OFF	60.0
19-04-22 06:45:35	67.5	80.0	65.0	OFF	76.4	67.5	70.3	85.0	35.0	OFF	70.5	55.6	599	PERFECT	639	599	10.64	1000	14.45	10.55	OFF	OFF	90.0	78.0	OFF	60.0
19-04-22 06:45:54	67.5	80.0	65.0	OFF	76.4	67.5	70.4	85.0	35.0	OFF	70.5	55.6	598	PERFECT	639	598	10.74	1000	14.45	10.55	OFF	OFF	90.0	78.0	OFF	60.0
19-04-22 07:00:13	67.4	80.0	65.0	OFF	76.4	67.3	70.6	85.0	35.0	OFF	70.6	55.6	599	PERFECT	639	597	10.45	1000	14.45	10.45	OFF	OFF	90.0	78.0	OFF	60.0
19-04-22 07:00:32	67.4	80.0	65.0	OFF	76.4	67.3	70.6	85.0	35.0	OFF	70.6	55.6	598	PERFECT	639	597	10.64	1000	14.45	10.45	OFF	OFF	90.0	78.0	OFF	60.0
19-04-22 07:00:51	67.3	80.0	65.0	OFF	76.4	67.3	70.6	85.0	35.0	OFF	70.6	55.6	597	PERFECT	639	597	10.64	1000	14.45	10.45	OFF	OFF	90.0	78.0	OFF	60.0
19-04-22 07:15:10	67.2	80.0	65.0	OFF	76.4	67.2	70.8	85.0	35.0	OFF	70.8	55.6	597	PERFECT	639	596	10.45	1000	14.45	10.45	OFF	OFF	90.0	78.0	OFF	60.0
19-04-22 07:15:29	67.2	80.0	65.0	OFF	76.4	67.2	70.8	85.0	35.0	OFF	70.8	55.6	597	PERFECT	639	596	10.45	1000	14.45	10.45	OFF	OFF	90.0	78.0	OFF	60.0
19-04-22 07:15:48	67.2	80.0	65.0	OFF	76.4	67.2	70.8	85.0	35.0	OFF	70.8	55.6	599	PERFECT	639	596	10.45	1000	14.45	10.45	OFF	OFF	90.0	78.0	OFF	60.0
19-04-22 07:30:07	67.1	80.0	65.0	OFF	76.4	67.1	70.8	85.0	35.0	OFF	70.9	55.6	595	PERFECT	639	595	10.35	1000	14.45	10.25	OFF	OFF	90.0	78.0	OFF	60.0
19-04-22 07:30:26	67.1	80.0	65.0	OFF	76.4	67.1	70.8	85.0	35.0	OFF	70.9	55.6	597	PERFECT	639	595	10.35	1000	14.45	10.25	OFF	OFF	90.0	78.0	OFF	60.0
19-04-22 07:30:45	67.1	80.0	65.0	OFF	76.4	67.1	70.8	85.0	35.0	OFF	70.9	55.6	595	PERFECT	639	595	10.45	1000	14.45	10.25	OFF	OFF	90.0	78.0	OFF	60.0
19-04-22 07:45:04	66.9	80.0	65.0	OFF	76.4	66.9	70.7	85.0	35.0	OFF	71.0	55.6	594	PERFECT	639	593	10.45	1000	14.45	10.16	OFF	OFF	90.0	78.0	OFF	60.0
19-04-22 07:45:23	66.9	80.0	65.0	OFF	76.4	66.9	70.8	85.0	35.0	OFF	71.0	55.6	594	PERFECT	639	593	10.45	1000	14.45	10.16	OFF	OFF	90.0	78.0	OFF	60.0
19-04-22 07:45:42	66.9	80.0	65.0	OFF	76.4	66.9	70.8	85.0	35.0	OFF	71.0	55.6	593	PERFECT	639	593	10.45	1000	14.45	10.16	OFF	OFF	90.0	78.0	OFF	60.0
19-04-22 08:00:01	66.8	80.0	65.0	OFF	76.4	66.8	71.0	85.0	35.0	OFF	71.1	55.6	595	PERFECT	639	592	10.25	1000	14.45	10.06	OFF	OFF	90.0	78.0	OFF	60.0
19-04-22 08:00:20	66.7	80.0	65.0	OFF	76.4	66.7	70.9	85.0	35.0	OFF	71.1	55.6	592	PERFECT	639	592	10.25	1000	14.45	10.06	OFF	OFF	90.0	78.0	OFF	60.0
19-04-22 08:00:39	66.8	80.0	65.0	OFF	76.4	66.7	71.0	85.0	35.0	OFF	71.1	55.6	592	PERFECT	639	592	10.25	1000	14.45	10.06	OFF	OFF	90.0	78.0	OFF	60.0
19-04-22 08:00:58	66.8	80.0	65.0	OFF	76.4	66.7	71.2	85.0	35.0	OFF	71.2	55.6	594	PERFECT	639	592	10.16	1000	14.45	10.06	OFF	OFF	90.0	78.0	OFF	60.0
19-04-22 08:15:17	66.6	80.0	65.0	OFF	76.4	66.6	71.3	85.0	35.0	OFF	71.3	55.6	594	PERFECT	639	590	10.06	1000	14.45	10.06	OFF	OFF	90.0	78.0	OFF	60.0
19-04-22 08:15:36	66.6	80.0	65.0	OFF	76.4	66.6	71.2	85.0	35.0	OFF	71.3	55.6	592	PERFECT	639	590	10.06	1000	14.45	10.06	OFF	OFF	90.0	78.0	OFF	60.0
19-04-22 08:15:55	66.7	80.0	65.0	OFF	76.4	66.6	71.3	85.0	35.0	OFF	71.3	55.6	592	PERFECT	639	590	10.06	1000	14.45	10.06	OFF	OFF	90.0	78.0	OFF	60.0
19-04-22 08:30:14	66.5	80.0	65.0	OFF	76.4	66.5	71.3	85.0	35.0	OFF	71.3	55.6	591	PERFECT	639	589	10.06	1000	14.45	9.86	OFF	OFF	90.0	78.0	OFF	60.0
19-04-22 08:30:33	66.5	80.0	65.0	OFF	76.4	66.5	71.2	85.0	35.0	OFF	71.3	55.6	591	PERFECT	639	589	9.96	1000	14.45	9.86	OFF	OFF	90.0	78.0	OFF	60.0
19-04-22 08:30:52	66.5	80.0	65.0	OFF	76.4	66.5	71.3	85.0	35.0	OFF	71.3	55.6	588	PERFECT	639	588	9.96	1000	14.45	9.86	OFF	OFF	90.0	78.0	OFF	60.0
19-04-22 08:45:11	66.4	80.0	65.0	OFF	76.4	66.4	71.8	85.0	35.0	OFF	71.8	55.6	590	PERFECT	639	587	9.86	1000	14.45	9.86	OFF	OFF	90.0	78.0	OFF	60.0
19-04-22 08:45:30	66.4	80.0	65.0	OFF	76.4	66.4	71.7	85.0	35.0	OFF	71.8	55.6	591	PERFECT	639	587	9.96	1000	14.45	9.86	OFF	OFF	90.0	78.0	OFF	60.0
19-04-22 08:45:49	66.4	80.0	65.0	OFF	76.4	66.4	71.7	85.0	35.0	OFF	71.8	55.6	588	PERFECT	639	587	9.86	1000	14.45	9.86	OFF	OFF	90.0	78.0	OFF	60.0
19-04-22 09:00:09	66.4	80.0	65.0	OFF	76.4	66.3	72.7	85.0	35.0	OFF	72.7	55.6	588	PERFECT	639	586	9.86	1000	14.45	9.77	OFF	OFF	90.0	78.0	OFF	60.0
19-04-22 09:00:28	66.4	80.0	65.0	OFF	76.4	66.3	72.6	85.0	35.0	OFF	72.7	55.6	588	PERFECT	639	586	9.86	1000	14.45	9.77	OFF	OFF	90.0	78.0	OFF	60.0
19-04-22 09:00:47	66.3	80.0	65.0	OFF	76.4	66.3	72.5	85.0	35.0	OFF	72.7	55.6	591	PERFECT	639	586	9.77	1000	14.45	9.77	OFF	OFF	90.0	78.0	OFF	60.0
19-04-22 09:15:06	66.3	80.0	65.0	OFF	76.4	66.3	72.6	85.0	35.0	OFF	73.3	55.6	587	PERFECT	639	586	9.67	1000	14.45	9.57	OFF	OFF	90.0	78.0	OFF	60.0
19-04-22 09:15:25	66.2	80.0	65.0	OFF	76.4	66.2	72.7	85.0	35.0	OFF	73.3	55.6	586	PERFECT	639	586	9.86	1000	14.45	9.57	OFF	OFF	90.0	78.0	OFF	60.0
19-04-22 09:15:44	66.3	80.0	65.0	OFF	76.4	66.2	72.5	85.0	35.0	OFF	73.3	55.6	587	PERFECT	639	586	9.86	1000	14.45	9.57	OFF	OFF	90.0	78.0	OFF	60.0
19-04-22 09:30:03	66.2	80.0	65.0	OFF	76.4	66.1	63.9	85.0	35.0	OFF	73.3	55.6	0	AIR	639	0	9.28	1000	14.45	8.01	OFF	OFF	90.0	78.0	OFF	60.0
19-04-22 09:30:22	66.2	80.0	65.0	OFF	76.4	66.1	63.9	85.0	35.0	OFF	73.3	55.6	0	AIR	639	0	9.38	1000	14.45	8.01	OFF	OFF	90.0	78.0	OFF	60.0
19-04-22 09:30:41	66.2	80.0	65.0	OFF	76.4	66.1	63.9	85.0	35.0	OFF	73.3	55.6	0	AIR	639	0	9.28	1000	14.45	8.01	OFF	OFF	90.0	78.0	OFF	60.0
19-04-22 09:45:00	66.2	80.0	65.0	OFF	76.4	66.1	63.5	85.0	35.0	OFF	73.3	55.6	0	AIR	639	0	9.67	1000	14.45	8.01	OFF	OFF	90.0	78.0	OFF	60.0
19-04-22 09:45:19	66.2	80.0	65.0	OFF	76.4	66.1	63.5	85.0	35.0	OFF	73.3	55.6	0	AIR	639	0	9.77	1000	14.45	8.01	OFF	OFF	90.0	78.0	OFF	60.0
19-04-22 09:45:38	66.2	80.0	65.0	OFF	76.4	66.1	63.5	85.0	35.0	OFF	73.3	55.6	0	AIR	639	0	9.86	1000	14.45	8.01	OFF	OFF	90.0	78.0	OFF	60.0
19-04-22 09:45:57	66.2	80.0	65.0	OFF	76.4	66.1	63.4	85.0	35.0	OFF	73.3	55.6	0	AIR	639	0	9.77	1000	14.45	8.01	OFF	OFF	90.0	78.0	OFF	60.0
19-04-22 10:00:16	66.3	80.0	65.0	OFF	76.4	66.1	63.2	85.0	35.0	OFF	73.3	55.6	0	AIR	639	0	9.96	1000	14.45	8.01	OFF	OFF	90.0	78.0	OFF	60.0
19-04-22 10:00:35	66.2	80.0	65.0	OFF	76.4	66.1	63.1	85.0	35.0	OFF	73.3	55.6	0	AIR	639	0	9.86	1000	14.45	8.01	OFF	OFF	90.0	78.0	OFF	60.0
19-04-22 10:00:54	66.2	80.0	65.0	OFF	76.4	66.1	63.1	85.0	35.0	OFF	73.3	55.6	0	AIR	639	0	10.06	1000	14.45	8.01	OFF	OFF	90.0	78.0	OFF	60.0
19-04-22 10:15:12	66.2	80.0	65.0	OFF	76.4	66.1	62.6	85.0	35.0	OFF	73.3	55.6	0	AIR	639	0	10.16	1000	14.45	8.01	OFF	OFF	90.0	78.0	OFF	60.0
19-04-22 10:15:32	66.2	80.0	65.0	OFF	76.4	66.1	62.6	85.0	35.0	OFF	73.3	55.6	0	AIR	639	0	10.16	1000	14.45	8.01	OFF	OFF	90.0	78.0	OFF	60.0
19-04-22 10:15:51	66.2	80.0	65.0	OFF	76.4	66.1	62.5	85.0	35.0	OFF	73.3	55.6	0	AIR	639	0	10.25	1000	14.45	8.01	OFF	OFF	90.0	78.0	OFF	60.0
19-04-22 10:30:10	66.2	80.0	65.0	OFF	76.4	66.1	62.0	85.0	35.0	OFF	73.3	55.6	0	AIR	639	0	10.45	1000	14.45	8.01	OFF	OFF	90.0	78.0	OFF	60.0
19-04-22 10:30:29	66.2	80.0	65.0	OFF	76.4	66.1	62.0	85.0	35.0	OFF	73.3	55.6	0	AIR	639	0	10.45	1000	14.45	8.01	OFF	OFF	90.0	78.0	OFF	60.0
19-04-22 10:30:48	66.2	80.0	65.0	OFF	76.4	66.1	62.0	85.0	35.0	OFF	73.3	55.6	0	AIR	639	0	10.25	1000	14.45	8.01	OFF	OFF	90.0	78.0	OFF	60.0
19-04-22 10:45:07	66.3	80.0	65.0	OFF	76.4	66.1	61.5	85.0	35.0	OFF	73.3	55.6	0	AIR	639	0	10.55	1000	14.45	8.01	OFF	OFF	90.0	78.0	OFF	60.0
19-04-22 10:45:26	66.3	80.0	65.0	OFF	76.4	66.1	61.5	85.0	35.0	OFF	73.3	55.6	0	AIR	639	0	10.55	1000	14.45	8.01	OFF	OFF	90.0	78.0	OFF	60.0
19-04-22 10:45:45	66.3	80.0	65.0	OFF	76.4	66.1	61.4	85.0	35.0	OFF	73.3	55.6	0	AIR	639	0	10.64	1000	14.45	8.01	OFF	OFF	90.0	78.0	OFF	60.0
19-04-22 11:00:04	66.3	80.0	65.0	OFF	76.4	66.1	61.0	85.0	35.0	OFF	73.3	55.6	0	AIR	639	0	10.64	1000	14.45	8.01	OFF	OFF	90.0	78.0	OFF	60.0
19-04-22 11:00:23	66.4	80.0	65.0	OFF	76.4	66.1	61.1	85.0	35.0	OFF	73.3	55.6	0	AIR	639	0	10.64	1000	14.45	8.01	OFF	OFF	90.0	78.0	OFF	60.0
19-04-22 11:00:42	66.3	80.0	65.0	OFF	76.4	66.1	61.0	85.0	35.0	OFF	73.3	55.6	0	AIR	639	0	10.74	1000	14.45	8.01	OFF	OFF	90.0	78.0	OFF	60.0
19-04-22 11:15:00	66.4	80.0	65.0	OFF	76.4	66.1	60.7	85.0	35.0	OFF	73.3	55.6	0	AIR	639	0	10.84	1000	14.45	8.01	OFF	OFF	90.0	78.0	OFF	60.0
19-04-22 11:15:19	66.4	80.0	65.0	OFF	76.4	66.1	60.7	85.0	35.0	OFF	73.3	55.6	0	AIR	639	0	10.74	1000	14.45	8.01	OFF	OFF	90.0	78.0	OFF	60.0
19-04-22 11:15:39	66.4	80.0	65.0	OFF	76.4	66.1	60.7	85.0	35.0	OFF	73.3	55.6	0	AIR	639	0	10.74	1000	14.45	8.01	OFF	OFF	90.0	78.0	OFF	60.0
19-04-22 11:15:58	66.4	80.0	65.0	OFF	76.4	66.1	60.7	85.0	35.0	OFF	73.3	55.6	0	AIR	639	0	10.84	1000	14.45	8.01	OFF	OFF	90.0	78.0	OFF	60.0
19-04-22 11:30:16	66.5	80.0	65.0	OFF	76.4	66.1	60.5	85.0	35.0	OFF	73.3	55.6	0	AIR	639	0	10.84	1000	14.45	8.01	OFF	OFF	90.0	78.0	OFF	60.0
19-04-22 11:30:35	66.5	80.0	65.0	OFF	76.4	66.1	60.5	85.0	35.0	OFF	73.3	55.6	0	AIR	639	0	10.74	1000	14.45	8.01	OFF	OFF	90.0	78.0	OFF	60.0
19-04-22 11:30:54	66.5	80.0	65.0	OFF	76.4	66.1	60.5	85.0	35.0	OFF	73.3	55.6	0	AIR	639	0	10.84	1000	14.45	8.01	OFF	OFF	90.0	78.0	OFF	60.0
19-04-22 11:45:13	66.6	80.0	65.0	OFF	76.4	66.1	60.3	85.0	35.0	OFF	73.3	55.6	0	AIR	639	0	10.94	1000	14.45	8.01	OFF	OFF	90.0	78.0	OFF	60.0
19-04-22 11:45:32	66.6	80.0	65.0	OFF	76.4	66.1	60.3	85.0	35.0	OFF	73.3	55.6	0	AIR	639	0	11.04	1000	14.45	8.01	OFF	OFF	90.0	78.0	OFF	60.0
19-04-22 11:45:51	66.6	80.0	65.0	OFF	76.4	66.1	60.3	85.0	35.0	OFF	73.3	55.6	0	AIR	639	0	10.94	1000	14.45	8.01	OFF	OFF	90.0	78.0	OFF	60.0
19-04-22 12:00:10	66.7	80.0	65.0	OFF	76.4	66.1	60.1	85.0	35.0	OFF	73.3	55.6	0	AIR	639	0	11.04	1000	14.45	8.01	OFF	OFF	90.0	78.0	OFF	60.0
19-04-22 12:00:29	66.7	80.0	65.0	OFF	76.4	66.1	60.1	85.0	35.0	OFF	73.3	55.6	0	AIR	639	0	11.04	1000	14.45	8.01	OFF	OFF	90.0	78.0	OFF	60.0
19-04-22 12:00:48	66.7	80.0	65.0	OFF	76.4	66.1	60.1	85.0	35.0	OFF	73.3	55.6	0	AIR	639	0	11.04	1000	14.45	8.01	OFF	OFF	90.0	78.0	OFF	60.0
19-04-22 12:15:07	66.8	80.0	65.0	OFF	76.4	66.1	59.9	85.0	35.0	OFF	73.3	55.6	0	AIR	639	0	11.23	1000	14.45	8.01	OFF	OFF	90.0	78.0	OFF	60.0
19-04-22 12:15:26	66.8	80.0	65.0	OFF	76.4	66.1	59.9	85.0	35.0	OFF	73.3	55.6	0	AIR	639	0	11.43	1000	14.45	8.01	OFF	OFF	90.0	78.0	OFF	60.0
19-04-22 12:15:45	66.8	80.0	65.0	OFF	76.4	66.1	59.9	85.0	35.0	OFF	73.3	55.6	0	AIR	639	0	11.13	1000	14.45	8.01	OFF	OFF	90.0	78.0	OFF	60.0
19-04-22 12:30:04	67.0	80.0	65.0	OFF	76.4	66.1	59.8	85.0	35.0	OFF	73.3	55.6	0	AIR	639	0	11.33	1000	14.45	8.01	OFF	OFF	90.0	78.0	OFF	60.0
19-04-22 12:30:23	67.0	80.0	65.0	OFF	76.4	66.1	59.8	85.0	35.0	OFF	73.3	55.6	0	AIR	639	0	11.43	1000	14.45	8.01	OFF	OFF	90.0	78.0	OFF	60.0
19-04-22 12:30:42	67.0	80.0	65.0	OFF	76.4	66.1	59.8	85.0	35.0	OFF	73.3	55.6	0	AIR	639	0	11.33	1000	14.45	8.01	OFF	OFF	90.0	78.0	OFF	60.0
19-04-22 12:45:01	67.2	80.0	65.0	OFF	76.4	66.1	59.7	85.0	35.0	OFF	73.3	55.6	0	AIR	639	0	11.52	1000	14.45	8.01	OFF	OFF	90.0	78.0	OFF	60.0
19-04-22 12:45:20	67.3	80.0	65.0	OFF	76.4	66.1	59.8	85.0	35.0	OFF	73.3	55.6	0	AIR	639	0	11.43	1000	14.45	8.01	OFF	OFF	90.0	78.0	OFF	60.0
19-04-22 12:45:39	67.2	80.0	65.0	OFF	76.4	66.1	59.7	85.0	35.0	OFF	73.3	55.6	0	AIR	639	0	11.33	1000	14.45	8.01	OFF	OFF	90.0	78.0	OFF	60.0
19-04-22 12:45:58	67.2	80.0	65.0	OFF	76.4	66.1	59.7	85.0	35.0	OFF	73.3	55.6	0	AIR	639	0	11.43	1000	14.45	8.01	OFF	OFF	90.0	78.0	OFF	60.0
19-04-22 13:00:17	67.4	80.0	65.0	OFF	76.4	66.1	59.7	85.0	35.0	OFF	73.3	55.6	0	AIR	639	0	11.62	1000	14.45	8.01	OFF	OFF	90.0	78.0	OFF	60.0
19-04-22 13:00:36	67.4	80.0	65.0	OFF	76.4	66.1	59.7	85.0	35.0	OFF	73.3	55.6	0	AIR	639	0	11.62	1000	14.45	8.01	OFF	OFF	90.0	78.0	OFF	60.0
19-04-22 13:00:55	67.4	80.0	65.0	OFF	76.4	66.1	59.7	85.0	35.0	OFF	73.3	55.6	0	AIR	639	0	11.62	1000	14.45	8.01	OFF	OFF	90.0	78.0	OFF	60.0
19-04-22 13:15:14	67.7	80.0	65.0	OFF	76.4	66.1	59.7	85.0	35.0	OFF	73.3	55.6	0	AIR	639	0	11.82	1000	14.45	8.01	OFF	OFF	90.0	78.0	OFF	60.0
19-04-22 13:15:33	67.6	80.0	65.0	OFF	76.4	66.1	59.7	85.0	35.0	OFF	73.3	55.6	0	AIR	639	0	11.82	1000	14.45	8.01	OFF	OFF	90.0	78.0	OFF	60.0
19-04-22 13:15:52	67.7	80.0	65.0	OFF	76.4	66.1	59.7	85.0	35.0	OFF	73.3	55.6	0	AIR	639	0	11.91	1000	14.45	8.01	OFF	OFF	90.0	78.0	OFF	60.0
19-04-22 13:30:11	67.8	80.0	65.0	OFF	76.4	66.1	59.6	85.0	35.0	OFF	73.3	55.6	0	AIR	639	0	12.01	1000	14.45	8.01	OFF	OFF	90.0	78.0	OFF	60.0
19-04-22 13:30:30	67.9	80.0	65.0	OFF	76.4	66.1	59.7	85.0	35.0	OFF	73.3	55.6	0	AIR	639	0	12.11	1000	14.45	8.01	OFF	OFF	90.0	78.0	OFF	60.0
19-04-22 13:30:49	67.9	80.0	65.0	OFF	76.4	66.1	59.7	85.0	35.0	OFF	73.3	55.6	0	AIR	639	0	12.01	1000	14.45	8.01	OFF	OFF	90.0	78.0	OFF	60.0
19-04-22 13:45:08	68.1	80.0	65.0	OFF	76.4	66.1	59.7	85.0	35.0	OFF	73.3	55.6	0	AIR	639	0	12.21	1000	14.45	8.01	OFF	OFF	90.0	78.0	OFF	60.0
19-04-22 13:45:27	68.0	80.0	65.0	OFF	76.4	66.1	59.7	85.0	35.0	OFF	73.3	55.6	0	AIR	639	0	12.3	1000	14.45	8.01	OFF	OFF	90.0	78.0	OFF	60.0
19-04-22 13:45:46	68.0	80.0	65.0	OFF	76.4	66.1	59.7	85.0	35.0	OFF	73.3	55.6	0	AIR	639	0	12.21	1000	14.45	8.01	OFF	OFF	90.0	78.0	OFF	60.0
19-04-22 14:00:04	68.2	80.0	65.0	OFF	76.4	66.1	59.7	85.0	35.0	OFF	73.3	55.6	0	AIR	639	0	12.4	1000	14.45	8.01	OFF	OFF	90.0	78.0	OFF	60.0
19-04-22 14:00:23	68.3	80.0	65.0	OFF	76.4	66.1	59.8	85.0	35.0	OFF	73.3	55.6	0	AIR	639	0	12.4	1000	14.45	8.01	OFF	OFF	90.0	78.0	OFF	60.0
19-04-22 14:00:43	68.3	80.0	65.0	OFF	76.4	66.1	59.8	85.0	35.0	OFF	73.3	55.6	0	AIR	639	0	12.4	1000	14.45	8.01	OFF	OFF	90.0	78.0	OFF	60.0
19-04-22 14:15:01	68.4	80.0	65.0	OFF	76.4	66.1	59.8	85.0	35.0	OFF	73.3	55.6	0	AIR	639	0	12.5	1000	14.45	8.01	OFF	OFF	90.0	78.0	OFF	60.0
19-04-22 14:15:20	68.5	80.0	65.0	OFF	76.4	66.1	59.8	85.0	35.0	OFF	73.3	55.6	0	AIR	639	0	12.6	1000	14.45	8.01	OFF	OFF	90.0	78.0	OFF	60.0
19-04-22 14:15:39	68.5	80.0	65.0	OFF	76.4	66.1	59.8	85.0	35.0	OFF	73.3	55.6	0	AIR	639	0	12.5	1000	14.45	8.01	OFF	OFF	90.0	78.0	OFF	60.0
19-04-22 14:15:59	68.5	80.0	65.0	OFF	76.4	66.1	59.8	85.0	35.0	OFF	73.3	55.6	0	AIR	639	0	12.6	1000	14.45	8.01	OFF	OFF	90.0	78.0	OFF	60.0
19-04-22 14:30:17	68.7	80.0	65.0	OFF	76.4	66.1	59.9	85.0	35.0	OFF	73.3	55.6	0	AIR	639	0	12.7	1000	14.45	8.01	OFF	OFF	90.0	78.0	OFF	60.0
19-04-22 14:30:36	68.7	80.0	65.0	OFF	76.4	66.1	59.9	85.0	35.0	OFF	73.3	55.6	0	AIR	639	0	12.7	1000	14.45	8.01	OFF	OFF	90.0	78.0	OFF	60.0
19-04-22 14:30:55	68.7	80.0	65.0	OFF	76.4	66.1	59.9	85.0	35.0	OFF	73.3	55.6	0	AIR	639	0	12.79	1000	14.45	8.01	OFF	OFF	90.0	78.0	OFF	60.0
19-04-22 14:45:14	68.9	80.0	65.0	OFF	76.4	66.1	60.0	85.0	35.0	OFF	73.3	55.6	0	AIR	639	0	12.79	1000	14.45	8.01	OFF	OFF	90.0	78.0	OFF	60.0
19-04-22 14:45:33	68.9	80.0	65.0	OFF	76.4	66.1	60.0	85.0	35.0	OFF	73.3	55.6	0	AIR	639	0	12.7	1000	14.45	8.01	OFF	OFF	90.0	78.0	OFF	60.0
19-04-22 14:45:52	68.9	80.0	65.0	OFF	76.4	66.1	60.0	85.0	35.0	OFF	73.3	55.6	0	AIR	639	0	12.7	1000	14.45	8.01	OFF	OFF	90.0	78.0	OFF	60.0
19-04-22 15:00:11	69.0	80.0	65.0	OFF	76.4	66.1	60.0	85.0	35.0	OFF	73.3	55.6	0	AIR	639	0	12.99	1000	14.45	8.01	OFF	OFF	90.0	78.0	OFF	60.0
19-04-22 15:00:30	69.0	80.0	65.0	OFF	76.4	66.1	60.0	85.0	35.0	OFF	73.3	55.6	0	AIR	639	0	13.09	1000	14.45	8.01	OFF	OFF	90.0	78.0	OFF	60.0
19-04-22 15:00:49	69.1	80.0	65.0	OFF	76.4	66.1	60.0	85.0	35.0	OFF	73.3	55.6	0	AIR	639	0	12.99	1000	14.45	8.01	OFF	OFF	90.0	78.0	OFF	60.0
19-04-22 15:15:08	69.2	80.0	65.0	OFF	76.4	66.1	60.0	85.0	35.0	OFF	73.3	55.6	0	AIR	639	0	13.18	1000	14.45	8.01	OFF	OFF	90.0	78.0	OFF	60.0
19-04-22 15:15:27	69.2	80.0	65.0	OFF	76.4	66.1	60.0	85.0	35.0	OFF	73.3	55.6	0	AIR	639	0	13.18	1000	14.45	8.01	OFF	OFF	90.0	78.0	OFF	60.0
19-04-22 15:15:46	69.2	80.0	65.0	OFF	76.4	66.1	60.0	85.0	35.0	OFF	73.3	55.6	0	AIR	639	0	13.18	1000	14.45	8.01	OFF	OFF	90.0	78.0	OFF	60.0
19-04-22 15:30:05	69.4	80.0	65.0	OFF	76.4	66.1	60.1	85.0	35.0	OFF	73.3	55.6	0	AIR	639	0	13.38	1000	14.45	8.01	OFF	OFF	90.0	78.0	OFF	60.0
19-04-22 15:30:24	69.4	80.0	65.0	OFF	76.4	66.1	60.1	85.0	35.0	OFF	73.3	55.6	0	AIR	639	0	13.28	1000	14.45	8.01	OFF	OFF	90.0	78.0	OFF	60.0
19-04-22 15:30:43	69.4	80.0	65.0	OFF	76.4	66.1	60.1	85.0	35.0	OFF	73.3	55.6	0	AIR	639	0	13.38	1000	14.45	8.01	OFF	OFF	90.0	78.0	OFF	60.0
19-04-22 15:45:02	69.6	80.0	65.0	OFF	76.4	66.1	60.1	85.0	35.0	OFF	73.3	55.6	0	AIR	639	0	13.57	1000	14.45	8.01	OFF	OFF	90.0	78.0	OFF	60.0
19-04-22 15:45:21	69.6	80.0	65.0	OFF	76.4	66.1	60.1	85.0	35.0	OFF	73.3	55.6	0	AIR	639	0	13.57	1000	14.45	8.01	OFF	OFF	90.0	78.0	OFF	60.0
19-04-22 15:45:40	69.6	80.0	65.0	OFF	76.4	66.1	60.1	85.0	35.0	OFF	73.3	55.6	0	AIR	639	0	13.57	1000	14.45	8.01	OFF	OFF	90.0	78.0	OFF	60.0
19-04-22 15:45:59	69.6	80.0	65.0	OFF	76.4	66.1	60.1	85.0	35.0	OFF	73.3	55.6	0	AIR	639	0	13.57	1000	14.45	8.01	OFF	OFF	90.0	78.0	OFF	60.0
19-04-22 16:00:18	69.8	80.0	65.0	OFF	76.4	66.1	60.1	85.0	35.0	OFF	73.3	55.6	0	AIR	639	0	13.77	1000	14.45	8.01	OFF	OFF	90.0	78.0	OFF	60.0
19-04-22 16:00:37	69.8	80.0	65.0	OFF	76.4	66.1	60.1	85.0	35.0	OFF	73.3	55.6	0	AIR	639	0	13.77	1000	14.45	8.01	OFF	OFF	90.0	78.0	OFF	60.0
19-04-22 16:00:56	69.8	80.0	65.0	OFF	76.4	66.1	60.1	85.0	35.0	OFF	73.3	55.6	0	AIR	639	0	13.67	1000	14.45	8.01	OFF	OFF	90.0	78.0	OFF	60.0
19-04-22 16:15:15	70.0	80.0	65.0	OFF	76.4	66.1	60.1	85.0	35.0	OFF	73.3	55.6	0	AIR	639	0	13.87	1000	14.45	8.01	OFF	OFF	90.0	78.0	OFF	60.0
19-04-22 16:15:34	70.0	80.0	65.0	OFF	76.4	66.1	60.1	85.0	35.0	OFF	73.3	55.6	0	AIR	639	0	13.87	1000	14.45	8.01	OFF	OFF	90.0	78.0	OFF	60.0
19-04-22 16:15:53	70.0	80.0	65.0	OFF	76.4	66.1	60.1	85.0	35.0	OFF	73.3	55.6	0	AIR	639	0	13.87	1000	14.45	8.01	OFF	OFF	90.0	78.0	OFF	60.0
19-04-22 16:30:12	70.2	80.0	65.0	OFF	76.4	66.1	60.1	85.0	35.0	OFF	73.3	55.6	0	AIR	639	0	14.06	1000	14.45	8.01	OFF	OFF	90.0	78.0	OFF	60.0
19-04-22 16:30:31	70.2	80.0	65.0	OFF	76.4	66.1	60.1	85.0	35.0	OFF	73.3	55.6	0	AIR	639	0	14.06	1000	14.45	8.01	OFF	OFF	90.0	78.0	OFF	60.0
19-04-22 16:30:50	70.2	80.0	65.0	OFF	76.4	66.1	60.1	85.0	35.0	OFF	73.3	55.6	0	AIR	639	0	14.16	1000	14.45	8.01	OFF	OFF	90.0	78.0	OFF	60.0
19-04-22 16:45:09	70.4	80.0	65.0	OFF	76.4	66.1	60.1	85.0	35.0	OFF	73.3	55.6	0	AIR	639	0	14.16	1000	14.45	8.01	OFF	OFF	90.0	78.0	OFF	60.0
19-04-22 16:45:28	70.4	80.0	65.0	OFF	76.4	66.1	60.1	85.0	35.0	OFF	73.3	55.6	0	AIR	639	0	14.16	1000	14.45	8.01	OFF	OFF	90.0	78.0	OFF	60.0
19-04-22 16:45:47	70.4	80.0	65.0	OFF	76.4	66.1	60.1	85.0	35.0	OFF	73.3	55.6	0	AIR	639	0	14.16	1000	14.45	8.01	OFF	OFF	90.0	78.0	OFF	60.0
19-04-22 17:00:06	70.5	80.0	65.0	OFF	76.4	66.1	60.1	85.0	35.0	OFF	73.3	55.6	0	AIR	639	0	14.26	1000	14.45	8.01	OFF	OFF	90.0	78.0	OFF	60.0
19-04-22 17:00:25	70.5	80.0	65.0	OFF	76.4	66.1	60.1	85.0	35.0	OFF	73.3	55.6	0	AIR	639	0	14.26	1000	14.45	8.01	OFF	OFF	90.0	78.0	OFF	60.0
19-04-22 17:00:44	70.6	80.0	65.0	OFF	76.4	66.1	60.1	85.0	35.0	OFF	73.3	55.6	0	AIR	639	0	14.26	1000	14.45	8.01	OFF	OFF	90.0	78.0	OFF	60.0
19-04-22 17:15:03	70.7	80.0	65.0	OFF	76.4	66.1	60.1	85.0	35.0	OFF	73.3	55.6	0	AIR	639	0	14.55	1000	14.94	8.01	OFF	OFF	90.0	78.0	OFF	60.0
19-04-22 17:15:22	70.7	80.0	65.0	OFF	76.4	66.1	60.1	85.0	35.0	OFF	73.3	55.6	0	AIR	639	0	14.36	1000	14.94	8.01	OFF	OFF	90.0	78.0	OFF	60.0
19-04-22 17:15:41	70.7	80.0	65.0	OFF	76.4	66.1	60.1	85.0	35.0	OFF	73.3	55.6	0	AIR	639	0	14.45	1000	14.94	8.01	OFF	OFF	90.0	78.0	OFF	60.0
19-04-22 17:30:00	70.9	80.0	65.0	OFF	76.4	66.1	60.1	85.0	35.0	OFF	73.3	55.6	0	AIR	639	0	14.55	1000	14.94	8.01	OFF	OFF	90.0	78.0	OFF	60.0
19-04-22 17:30:19	70.9	80.0	65.0	OFF	76.4	66.1	60.1	85.0	35.0	OFF	73.3	55.6	0	AIR	639	0	14.75	1000	14.94	8.01	OFF	OFF	90.0	78.0	OFF	60.0
19-04-22 17:30:38	70.9	80.0	65.0	OFF	76.4	66.1	60.1	85.0	35.0	OFF	73.3	55.6	0	AIR	639	0	14.55	1000	14.94	8.01	OFF	OFF	90.0	78.0	OFF	60.0
19-04-22 17:30:57	70.9	80.0	65.0	OFF	76.4	66.1	60.1	85.0	35.0	OFF	73.3	55.6	0	AIR	639	0	14.55	1000	14.94	8.01	OFF	OFF	90.0	78.0	OFF	60.0
19-04-22 17:45:16	71.0	80.0	65.0	OFF	76.4	66.1	60.0	85.0	35.0	OFF	73.3	55.6	0	AIR	639	0	14.75	1000	14.94	8.01	OFF	OFF	90.0	78.0	OFF	60.0
19-04-22 17:45:35	71.0	80.0	65.0	OFF	76.4	66.1	60.0	85.0	35.0	OFF	73.3	55.6	0	AIR	639	0	14.75	1000	14.94	8.01	OFF	OFF	90.0	78.0	OFF	60.0
19-04-22 17:45:54	71.0	80.0	65.0	OFF	76.4	66.1	60.0	85.0	35.0	OFF	73.3	55.6	0	AIR	639	0	14.75	1000	14.94	8.01	OFF	OFF	90.0	78.0	OFF	60.0
19-04-22 18:00:13	71.2	80.0	65.0	OFF	76.4	66.1	60.0	85.0	35.0	OFF	73.3	55.6	0	AIR	639	0	14.94	1000	14.94	8.01	OFF	OFF	90.0	78.0	OFF	60.0
19-04-22 18:00:32	71.2	80.0	65.0	OFF	76.4	66.1	60.1	85.0	35.0	OFF	73.3	55.6	0	AIR	639	0	14.94	1000	14.94	8.01	OFF	OFF	90.0	78.0	OFF	60.0
19-04-22 18:00:51	71.2	80.0	65.0	OFF	76.4	66.1	60.0	85.0	35.0	OFF	73.3	55.6	0	AIR	639	0	14.75	1000	14.94	8.01	OFF	OFF	90.0	78.0	OFF	60.0
19-04-22 18:15:09	71.2	80.0	65.0	OFF	76.4	66.1	60.0	85.0	35.0	OFF	73.3	55.6	0	AIR	639	0	14.94	1000	15.14	8.01	OFF	OFF	90.0	78.0	OFF	60.0
19-04-22 18:15:28	71.2	80.0	65.0	OFF	76.4	66.1	60.0	85.0	35.0	OFF	73.3	55.6	0	AIR	639	0	15.04	1000	15.14	8.01	OFF	OFF	90.0	78.0	OFF	60.0
19-04-22 18:15:48	71.2	80.0	65.0	OFF	76.4	66.1	60.0	85.0	35.0	OFF	73.3	55.6	0	AIR	639	0	14.94	1000	15.14	8.01	OFF	OFF	90.0	78.0	OFF	60.0
19-04-22 18:30:06	71.4	80.0	65.0	OFF	76.4	66.1	60.0	85.0	35.0	OFF	73.3	55.6	0	AIR	639	0	15.04	1000	15.14	8.01	OFF	OFF	90.0	78.0	OFF	60.0
19-04-22 18:30:26	71.3	80.0	65.0	OFF	76.4	66.1	60.0	85.0	35.0	OFF	73.3	55.6	0	AIR	639	0	15.14	1000	15.14	8.01	OFF	OFF	90.0	78.0	OFF	60.0
19-04-22 18:30:45	71.4	80.0	65.0	OFF	76.4	66.1	60.0	85.0	35.0	OFF	73.3	55.6	0	AIR	639	0	15.14	1000	15.14	8.01	OFF	OFF	90.0	78.0	OFF	60.0
19-04-22 18:45:04	71.5	80.0	65.0	OFF	76.4	66.1	60.0	85.0	35.0	OFF	73.3	55.6	0	AIR	639	0	15.23	1000	15.53	8.01	OFF	OFF	90.0	78.0	OFF	60.0
19-04-22 18:45:23	71.5	80.0	65.0	OFF	76.4	66.1	60.0	85.0	35.0	OFF	73.3	55.6	0	AIR	639	0	15.23	1000	15.53	8.01	OFF	OFF	90.0	78.0	OFF	60.0
19-04-22 18:45:42	71.5	80.0	65.0	OFF	76.4	66.1	60.1	85.0	35.0	OFF	73.3	55.6	0	AIR	639	0	15.23	1000	15.53	8.01	OFF	OFF	90.0	78.0	OFF	60.0
19-04-22 19:00:00	71.6	80.0	65.0	OFF	76.4	66.1	60.0	85.0	35.0	OFF	73.3	55.6	0	AIR	639	0	15.33	1000	15.53	8.01	OFF	OFF	90.0	78.0	OFF	60.0
19-04-22 19:00:20	71.5	80.0	65.0	OFF	76.4	66.1	60.0	85.0	35.0	OFF	73.3	55.6	0	AIR	639	0	15.43	1000	15.53	8.01	OFF	OFF	90.0	78.0	OFF	60.0
19-04-22 19:00:39	71.5	80.0	65.0	OFF	76.4	66.1	59.9	85.0	35.0	OFF	73.3	55.6	0	AIR	639	0	15.23	1000	15.53	8.01	OFF	OFF	90.0	78.0	OFF	60.0
19-04-22 19:00:58	71.6	80.0	65.0	OFF	76.4	66.1	60.0	85.0	35.0	OFF	73.3	55.6	0	AIR	639	0	15.53	1000	15.53	8.01	OFF	OFF	90.0	78.0	OFF	60.0
19-04-22 19:15:17	71.6	80.0	65.0	OFF	76.4	66.1	59.9	85.0	35.0	OFF	73.3	55.6	0	AIR	639	0	15.53	1000	15.82	8.01	OFF	OFF	90.0	78.0	OFF	60.0
19-04-22 19:15:36	71.6	80.0	65.0	OFF	76.4	66.1	60.0	85.0	35.0	OFF	73.3	55.6	0	AIR	639	0	15.53	1000	15.82	8.01	OFF	OFF	90.0	78.0	OFF	60.0
19-04-22 19:15:55	71.6	80.0	65.0	OFF	76.4	66.1	59.9	85.0	35.0	OFF	73.3	55.6	0	AIR	639	0	15.53	1000	15.82	8.01	OFF	OFF	90.0	78.0	OFF	60.0
19-04-22 19:30:14	71.7	80.0	65.0	OFF	76.4	66.1	59.9	85.0	35.0	OFF	73.3	55.6	0	AIR	639	0	15.72	1000	15.82	8.01	OFF	OFF	90.0	78.0	OFF	60.0
19-04-22 19:30:33	71.7	80.0	65.0	OFF	76.4	66.1	59.9	85.0	35.0	OFF	73.3	55.6	0	AIR	639	0	15.53	1000	15.82	8.01	OFF	OFF	90.0	78.0	OFF	60.0
19-04-22 19:30:52	71.7	80.0	65.0	OFF	76.4	66.1	59.9	85.0	35.0	OFF	73.3	55.6	0	AIR	639	0	15.53	1000	15.82	8.01	OFF	OFF	90.0	78.0	OFF	60.0
19-04-22 19:45:10	71.8	80.0	65.0	OFF	76.4	66.1	59.9	85.0	35.0	OFF	73.3	55.6	0	AIR	639	0	15.63	1000	15.82	8.01	OFF	OFF	90.0	78.0	OFF	60.0
19-04-22 19:45:30	71.7	80.0	65.0	OFF	76.4	66.1	59.8	85.0	35.0	OFF	73.3	55.6	0	AIR	639	0	15.63	1000	15.82	8.01	OFF	OFF	90.0	78.0	OFF	60.0
19-04-22 19:45:49	71.8	80.0	65.0	OFF	76.4	66.1	59.9	85.0	35.0	OFF	73.3	55.6	0	AIR	639	0	15.63	1000	15.82	8.01	OFF	OFF	90.0	78.0	OFF	60.0
19-04-22 20:00:07	71.7	80.0	65.0	OFF	76.4	66.1	60.3	85.0	35.0	OFF	73.3	55.6	462	PERFECT	639	0	12.21	1000	15.92	8.01	OFF	OFF	90.0	78.0	OFF	60.0
19-04-22 20:00:26	71.8	80.0	65.0	OFF	76.4	66.1	60.2	85.0	35.0	OFF	73.3	55.6	464	PERFECT	639	0	12.11	1000	15.92	8.01	OFF	OFF	90.0	78.0	OFF	60.0
19-04-22 20:00:45	71.8	80.0	65.0	OFF	76.4	66.1	60.0	85.0	35.0	OFF	73.3	55.6	464	PERFECT	639	0	12.01	1000	15.92	8.01	OFF	OFF	90.0	78.0	OFF	60.0
19-04-22 21:15:14	72.8	80.0	65.0	OFF	72.8	71.8	57.2	85.0	35.0	OFF	60.9	57.2	509	PERFECT	517	505	34.77	1000	37.4	33.5	OFF	OFF	90.0	78.0	ON	60.0
19-04-22 21:15:33	72.9	80.0	65.0	OFF	72.9	71.8	57.2	85.0	35.0	OFF	60.9	57.2	509	PERFECT	517	505	35.35	1000	37.4	33.5	OFF	OFF	90.0	78.0	ON	60.0
19-04-22 21:15:52	72.9	80.0	65.0	OFF	72.9	71.8	57.1	85.0	35.0	OFF	60.9	57.1	509	PERFECT	517	505	35.45	1000	37.4	33.5	OFF	OFF	90.0	78.0	ON	60.0
19-04-22 21:30:12	73.8	80.0	65.0	OFF	73.8	71.8	55.4	85.0	35.0	OFF	60.9	55.4	509	PERFECT	517	505	35.55	1000	37.4	25.98	OFF	OFF	90.0	78.0	ON	60.0
19-04-22 21:30:31	73.8	80.0	65.0	OFF	73.8	71.8	55.4	85.0	35.0	OFF	60.9	55.4	506	PERFECT	517	505	35.55	1000	37.4	25.98	OFF	OFF	90.0	78.0	ON	60.0
19-04-22 21:30:50	73.9	80.0	65.0	OFF	73.9	71.8	55.4	85.0	35.0	OFF	60.9	55.4	505	PERFECT	517	505	35.84	1000	37.4	25.98	OFF	OFF	90.0	78.0	ON	60.0
19-04-22 21:45:17	74.6	80.0	65.0	OFF	74.6	74.5	63.2	85.0	35.0	OFF	63.2	63.1	512	PERFECT	512	507	66.7	1000	73.34	55.18	OFF	OFF	90.0	78.0	OFF	60.0
19-04-22 21:45:36	74.6	80.0	65.0	OFF	74.6	74.5	63.1	85.0	35.0	OFF	63.2	63.1	510	PERFECT	512	507	70.51	1000	73.34	55.18	OFF	OFF	90.0	78.0	OFF	60.0
19-04-22 21:45:56	74.6	80.0	65.0	OFF	74.6	74.5	63.1	85.0	35.0	OFF	63.2	63.1	510	PERFECT	512	507	67.58	1000	73.34	55.18	OFF	OFF	90.0	78.0	OFF	60.0
19-04-22 22:00:15	75.0	80.0	65.0	OFF	75.1	74.5	62.0	85.0	35.0	OFF	63.2	62.0	506	PERFECT	515	504	60.64	1000	79.98	53.22	OFF	OFF	90.0	78.0	OFF	60.0
19-04-22 22:00:34	75.1	80.0	65.0	OFF	75.1	74.5	62.1	85.0	35.0	OFF	63.2	62.0	510	PERFECT	515	504	59.77	1000	79.98	53.22	OFF	OFF	90.0	78.0	OFF	60.0
19-04-22 22:00:54	75.0	80.0	65.0	OFF	75.1	74.5	62.0	85.0	35.0	OFF	63.2	62.0	511	PERFECT	515	504	61.13	1000	79.98	53.22	OFF	OFF	90.0	78.0	OFF	60.0
19-04-22 22:15:13	75.2	80.0	65.0	OFF	75.2	74.5	61.3	85.0	35.0	OFF	63.2	61.3	501	PERFECT	515	500	58.69	1000	79.98	53.22	OFF	OFF	90.0	78.0	OFF	60.0
19-04-22 22:15:32	75.2	80.0	65.0	OFF	75.2	74.5	61.2	85.0	35.0	OFF	63.2	61.2	501	PERFECT	515	500	64.84	1000	79.98	53.22	OFF	OFF	90.0	78.0	OFF	60.0
19-04-22 22:15:51	75.2	80.0	65.0	OFF	75.2	74.5	61.2	85.0	35.0	OFF	63.2	61.2	505	PERFECT	515	500	65.23	1000	79.98	53.22	OFF	OFF	90.0	78.0	OFF	60.0
19-04-22 22:30:11	76.2	80.0	65.0	OFF	76.2	74.5	64.8	85.0	35.0	OFF	64.8	61.2	503	PERFECT	515	499	65.53	1000	79.98	53.22	OFF	OFF	90.0	78.0	OFF	60.0
19-04-22 22:30:31	76.2	80.0	65.0	OFF	76.2	74.5	64.9	85.0	35.0	OFF	64.9	61.2	500	PERFECT	515	499	63.77	1000	79.98	53.22	OFF	OFF	90.0	78.0	OFF	60.0
19-04-22 22:30:50	76.2	80.0	65.0	OFF	76.2	74.5	64.9	85.0	35.0	OFF	64.9	61.2	502	PERFECT	515	499	64.45	1000	79.98	53.22	OFF	OFF	90.0	78.0	OFF	60.0
19-04-22 22:45:10	77.4	80.0	65.0	OFF	77.4	74.5	66.0	85.0	35.0	OFF	66.0	61.2	501	PERFECT	515	498	73.14	1000	79.98	53.22	OFF	OFF	90.0	78.0	OFF	60.0
19-04-22 22:45:29	77.4	80.0	65.0	OFF	77.4	74.5	66.1	85.0	35.0	OFF	66.1	61.2	499	PERFECT	515	498	70.12	1000	79.98	53.22	OFF	OFF	90.0	78.0	OFF	60.0
19-04-22 22:45:48	77.4	80.0	65.0	OFF	77.4	74.5	66.1	85.0	35.0	OFF	66.1	61.2	504	PERFECT	515	498	72.27	1000	79.98	53.22	OFF	OFF	90.0	78.0	OFF	60.0
19-04-22 23:00:08	77.9	80.0	65.0	OFF	77.9	74.5	65.1	85.0	35.0	OFF	66.2	59.9	501	PERFECT	515	494	73.93	1000	79.98	53.22	OFF	OFF	90.0	78.0	OFF	60.0
19-04-22 23:00:27	77.9	80.0	65.0	OFF	77.9	74.5	65.2	85.0	35.0	OFF	66.2	59.9	499	PERFECT	515	494	69.14	1000	79.98	53.22	OFF	OFF	90.0	78.0	OFF	60.0
19-04-22 23:00:46	77.9	80.0	65.0	OFF	77.9	74.5	65.2	85.0	35.0	OFF	66.2	59.9	499	PERFECT	515	494	75.0	1000	79.98	53.22	OFF	OFF	90.0	78.0	OFF	60.0
19-04-22 23:15:06	77.3	80.0	65.0	OFF	78.0	74.5	66.3	85.0	35.0	OFF	66.3	59.9	500	PERFECT	515	492	58.4	1000	79.98	53.22	OFF	OFF	90.0	78.0	OFF	60.0
19-04-22 23:15:25	77.2	80.0	65.0	OFF	78.0	74.5	66.3	85.0	35.0	OFF	66.3	59.9	495	PERFECT	515	492	58.5	1000	79.98	53.22	OFF	OFF	90.0	78.0	OFF	60.0
19-04-22 23:15:44	77.2	80.0	65.0	OFF	78.0	74.5	66.3	85.0	35.0	OFF	66.3	59.9	495	PERFECT	515	492	59.47	1000	79.98	53.22	OFF	OFF	90.0	78.0	OFF	60.0
19-04-22 23:30:04	76.0	80.0	65.0	OFF	78.0	74.5	68.0	85.0	35.0	OFF	68.0	59.9	492	PERFECT	515	490	58.59	1000	79.98	53.22	OFF	OFF	90.0	78.0	OFF	60.0
19-04-22 23:30:23	76.0	80.0	65.0	OFF	78.0	74.5	68.0	85.0	35.0	OFF	68.0	59.9	492	PERFECT	515	490	58.5	1000	79.98	53.22	OFF	OFF	90.0	78.0	OFF	60.0
19-04-22 23:30:42	75.9	80.0	65.0	OFF	78.0	74.5	68.0	85.0	35.0	OFF	68.0	59.9	490	PERFECT	515	490	58.4	1000	79.98	53.22	OFF	OFF	90.0	78.0	OFF	60.0
19-04-22 23:45:02	75.1	80.0	65.0	OFF	78.0	74.5	69.3	85.0	35.0	OFF	69.3	59.9	491	PERFECT	515	486	58.98	1000	79.98	53.22	OFF	OFF	90.0	78.0	OFF	60.0
19-04-22 23:45:21	75.1	80.0	65.0	OFF	78.0	74.5	69.3	85.0	35.0	OFF	69.3	59.9	487	PERFECT	515	486	58.89	1000	79.98	53.22	OFF	OFF	90.0	78.0	OFF	60.0
19-04-22 23:45:40	75.1	80.0	65.0	OFF	78.0	74.5	69.3	85.0	35.0	OFF	69.3	59.9	490	PERFECT	515	486	58.98	1000	79.98	53.22	OFF	OFF	90.0	78.0	OFF	60.0
19-04-22 23:45:59	75.1	80.0	65.0	OFF	78.0	74.5	69.2	85.0	35.0	OFF	69.3	59.9	487	PERFECT	515	486	58.69	1000	79.98	53.22	OFF	OFF	90.0	78.0	OFF	60.0
