19-04-14 00:00:02	67.7	80.0	65.0	OFF	71.0	59.9	56.4	85.0	35.0	OFF	63.6	55.3	81	DRY	186	80	9.96	1000	10.64	6.64	OFF	OFF	90.0	90.0	OFF	35.0
19-04-14 00:00:21	67.6	80.0	65.0	OFF	71.0	59.9	56.4	85.0	35.0	OFF	63.6	55.3	81	DRY	186	80	9.96	1000	10.64	6.64	OFF	OFF	90.0	90.0	OFF	35.0
19-04-14 00:00:40	67.7	80.0	65.0	OFF	71.0	59.9	56.4	85.0	35.0	OFF	63.6	55.3	81	DRY	186	80	9.96	1000	10.64	6.64	OFF	OFF	90.0	90.0	OFF	35.0
19-04-14 00:15:00	67.8	80.0	65.0	OFF	71.0	59.9	56.5	85.0	35.0	OFF	63.6	55.3	81	DRY	186	78	10.16	1000	10.64	6.64	OFF	OFF	90.0	90.0	OFF	35.0
19-04-14 00:15:19	67.8	80.0	65.0	OFF	71.0	59.9	56.5	85.0	35.0	OFF	63.6	55.3	80	DRY	186	78	10.06	1000	10.64	6.64	OFF	OFF	90.0	90.0	OFF	35.0
19-04-14 00:15:38	67.8	80.0	65.0	OFF	71.0	59.9	56.5	85.0	35.0	OFF	63.6	55.3	80	DRY	186	78	10.16	1000	10.64	6.64	OFF	OFF	90.0	90.0	OFF	35.0
19-04-14 00:15:57	67.8	80.0	65.0	OFF	71.0	59.9	56.5	85.0	35.0	OFF	63.6	55.3	80	DRY	186	78	10.25	1000	10.64	6.64	OFF	OFF	90.0	90.0	OFF	35.0
19-04-14 00:30:17	67.8	80.0	65.0	OFF	71.0	59.9	56.6	85.0	35.0	OFF	63.6	55.3	81	DRY	186	78	10.25	1000	10.64	6.64	OFF	OFF	90.0	90.0	OFF	35.0
19-04-14 00:30:36	67.8	80.0	65.0	OFF	71.0	59.9	56.6	85.0	35.0	OFF	63.6	55.3	79	DRY	186	78	10.45	1000	10.64	6.64	OFF	OFF	90.0	90.0	OFF	35.0
19-04-14 00:30:55	67.8	80.0	65.0	OFF	71.0	59.9	56.6	85.0	35.0	OFF	63.6	55.3	79	DRY	186	78	10.45	1000	10.64	6.64	OFF	OFF	90.0	90.0	OFF	35.0
19-04-14 00:45:15	67.8	80.0	65.0	OFF	71.0	59.9	56.8	85.0	35.0	OFF	63.6	55.3	79	DRY	186	78	10.35	1000	10.64	6.64	OFF	OFF	90.0	90.0	OFF	35.0
19-04-14 00:45:34	67.8	80.0	65.0	OFF	71.0	59.9	56.8	85.0	35.0	OFF	63.6	55.3	79	DRY	186	78	10.35	1000	10.64	6.64	OFF	OFF	90.0	90.0	OFF	35.0
19-04-14 00:45:53	67.8	80.0	65.0	OFF	71.0	59.9	56.8	85.0	35.0	OFF	63.6	55.3	79	DRY	186	78	10.35	1000	10.64	6.64	OFF	OFF	90.0	90.0	OFF	35.0
19-04-14 01:00:13	67.9	80.0	65.0	OFF	71.0	59.9	56.9	85.0	35.0	OFF	63.6	55.3	78	DRY	186	76	10.45	1000	10.64	6.64	OFF	OFF	90.0	90.0	OFF	35.0
19-04-14 01:00:32	67.9	80.0	65.0	OFF	71.0	59.9	56.9	85.0	35.0	OFF	63.6	55.3	79	DRY	186	76	10.35	1000	10.64	6.64	OFF	OFF	90.0	90.0	OFF	35.0
19-04-14 01:00:51	67.9	80.0	65.0	OFF	71.0	59.9	56.9	85.0	35.0	OFF	63.6	55.3	79	DRY	186	76	10.45	1000	10.64	6.64	OFF	OFF	90.0	90.0	OFF	35.0
19-04-14 01:15:11	68.0	80.0	65.0	OFF	71.0	59.9	56.9	85.0	35.0	OFF	63.6	55.3	78	DRY	186	76	10.45	1000	10.64	6.64	OFF	OFF	90.0	90.0	OFF	35.0
19-04-14 01:15:30	68.0	80.0	65.0	OFF	71.0	59.9	56.9	85.0	35.0	OFF	63.6	55.3	77	DRY	186	76	10.35	1000	10.64	6.64	OFF	OFF	90.0	90.0	OFF	35.0
19-04-14 01:15:49	68.0	80.0	65.0	OFF	71.0	59.9	56.9	85.0	35.0	OFF	63.6	55.3	78	DRY	186	76	10.45	1000	10.64	6.64	OFF	OFF	90.0	90.0	OFF	35.0
19-04-14 01:30:09	68.1	80.0	65.0	OFF	71.0	59.9	56.9	85.0	35.0	OFF	63.6	55.3	78	DRY	186	76	10.55	1000	10.84	6.64	OFF	OFF	90.0	90.0	OFF	35.0
19-04-14 01:30:28	68.1	80.0	65.0	OFF	71.0	59.9	56.9	85.0	35.0	OFF	63.6	55.3	77	DRY	186	76	10.64	1000	10.84	6.64	OFF	OFF	90.0	90.0	OFF	35.0
19-04-14 01:30:47	68.1	80.0	65.0	OFF	71.0	59.9	56.9	85.0	35.0	OFF	63.6	55.3	79	DRY	186	76	10.64	1000	10.84	6.64	OFF	OFF	90.0	90.0	OFF	35.0
19-04-14 01:45:07	68.2	80.0	65.0	OFF	71.0	59.9	56.9	85.0	35.0	OFF	63.6	55.3	76	DRY	186	75	10.74	1000	11.04	6.64	OFF	OFF	90.0	90.0	OFF	35.0
19-04-14 01:45:26	68.2	80.0	65.0	OFF	71.0	59.9	56.9	85.0	35.0	OFF	63.6	55.3	76	DRY	186	75	10.74	1000	11.04	6.64	OFF	OFF	90.0	90.0	OFF	35.0
19-04-14 01:45:45	68.3	80.0	65.0	OFF	71.0	59.9	57.0	85.0	35.0	OFF	63.6	55.3	77	DRY	186	75	10.74	1000	11.04	6.64	OFF	OFF	90.0	90.0	OFF	35.0
19-04-14 02:00:05	68.4	80.0	65.0	OFF	71.0	59.9	57.0	85.0	35.0	OFF	63.6	55.3	76	DRY	186	75	10.84	1000	11.04	6.64	OFF	OFF	90.0	90.0	OFF	35.0
19-04-14 02:00:24	68.4	80.0	65.0	OFF	71.0	59.9	57.0	85.0	35.0	OFF	63.6	55.3	76	DRY	186	75	10.74	1000	11.04	6.64	OFF	OFF	90.0	90.0	OFF	35.0
19-04-14 02:00:43	68.3	80.0	65.0	OFF	71.0	59.9	56.9	85.0	35.0	OFF	63.6	55.3	76	DRY	186	75	10.74	1000	11.04	6.64	OFF	OFF	90.0	90.0	OFF	35.0
19-04-14 02:15:03	68.4	80.0	65.0	OFF	71.0	59.9	56.9	85.0	35.0	OFF	63.6	55.3	75	DRY	186	75	10.94	1000	11.04	6.64	OFF	OFF	90.0	90.0	OFF	35.0
19-04-14 02:15:22	68.4	80.0	65.0	OFF	71.0	59.9	56.9	85.0	35.0	OFF	63.6	55.3	76	DRY	186	75	11.04	1000	11.04	6.64	OFF	OFF	90.0	90.0	OFF	35.0
19-04-14 02:15:41	68.4	80.0	65.0	OFF	71.0	59.9	56.9	85.0	35.0	OFF	63.6	55.3	75	DRY	186	75	10.94	1000	11.04	6.64	OFF	OFF	90.0	90.0	OFF	35.0
19-04-14 02:30:01	68.3	80.0	65.0	OFF	71.0	59.9	56.9	85.0	35.0	OFF	63.6	55.3	73	DRY	186	73	10.94	1000	11.13	6.64	OFF	OFF	90.0	90.0	OFF	35.0
19-04-14 02:30:20	68.4	80.0	65.0	OFF	71.0	59.9	56.9	85.0	35.0	OFF	63.6	55.3	75	DRY	186	73	11.04	1000	11.13	6.64	OFF	OFF	90.0	90.0	OFF	35.0
19-04-14 02:30:39	68.3	80.0	65.0	OFF	71.0	59.9	56.9	85.0	35.0	OFF	63.6	55.3	73	DRY	186	73	11.23	1000	11.23	6.64	OFF	OFF	90.0	90.0	OFF	35.0
19-04-14 02:30:58	68.3	80.0	65.0	OFF	71.0	59.9	56.9	85.0	35.0	OFF	63.6	55.3	75	DRY	186	73	10.84	1000	11.23	6.64	OFF	OFF	90.0	90.0	OFF	35.0
19-04-14 02:45:18	68.1	80.0	65.0	OFF	71.0	59.9	57.1	85.0	35.0	OFF	63.6	55.3	73	DRY	186	72	10.84	1000	11.23	6.64	OFF	OFF	90.0	90.0	OFF	35.0
19-04-14 02:45:37	68.1	80.0	65.0	OFF	71.0	59.9	57.1	85.0	35.0	OFF	63.6	55.3	73	DRY	186	72	10.84	1000	11.23	6.64	OFF	OFF	90.0	90.0	OFF	35.0
19-04-14 02:45:56	68.1	80.0	65.0	OFF	71.0	59.9	57.1	85.0	35.0	OFF	63.6	55.3	73	DRY	186	72	10.84	1000	11.23	6.64	OFF	OFF	90.0	90.0	OFF	35.0
19-04-14 03:00:16	67.8	80.0	65.0	OFF	71.0	59.9	57.3	85.0	35.0	OFF	63.6	55.3	71	DRY	186	70	10.84	1000	11.23	6.64	OFF	OFF	90.0	90.0	OFF	35.0
19-04-14 03:00:35	67.8	80.0	65.0	OFF	71.0	59.9	57.3	85.0	35.0	OFF	63.6	55.3	73	DRY	186	70	10.74	1000	11.23	6.64	OFF	OFF	90.0	90.0	OFF	35.0
19-04-14 03:00:54	67.8	80.0	65.0	OFF	71.0	59.9	57.3	85.0	35.0	OFF	63.6	55.3	71	DRY	186	70	10.84	1000	11.23	6.64	OFF	OFF	90.0	90.0	OFF	35.0
19-04-14 03:15:14	67.5	80.0	65.0	OFF	71.0	59.9	57.4	85.0	35.0	OFF	63.6	55.3	70	DRY	186	69	10.64	1000	11.23	6.64	OFF	OFF	90.0	90.0	OFF	35.0
19-04-14 03:15:33	67.5	80.0	65.0	OFF	71.0	59.9	57.4	85.0	35.0	OFF	63.6	55.3	70	DRY	186	69	10.84	1000	11.23	6.64	OFF	OFF	90.0	90.0	OFF	35.0
19-04-14 03:15:52	67.5	80.0	65.0	OFF	71.0	59.9	57.4	85.0	35.0	OFF	63.6	55.3	70	DRY	186	69	10.64	1000	11.23	6.64	OFF	OFF	90.0	90.0	OFF	35.0
19-04-14 03:30:12	67.2	80.0	65.0	OFF	71.0	59.9	57.5	85.0	35.0	OFF	63.6	55.3	68	DRY	186	68	10.45	1000	11.23	6.64	OFF	OFF	90.0	90.0	OFF	35.0
19-04-14 03:30:31	67.2	80.0	65.0	OFF	71.0	59.9	57.5	85.0	35.0	OFF	63.6	55.3	69	DRY	186	68	10.64	1000	11.23	6.64	OFF	OFF	90.0	90.0	OFF	35.0
19-04-14 03:30:50	67.2	80.0	65.0	OFF	71.0	59.9	57.5	85.0	35.0	OFF	63.6	55.3	68	DRY	186	68	10.55	1000	11.23	6.64	OFF	OFF	90.0	90.0	OFF	35.0
19-04-14 03:45:10	66.9	80.0	65.0	OFF	71.0	59.9	57.5	85.0	35.0	OFF	63.6	55.3	67	DRY	186	65	10.35	1000	11.23	6.64	OFF	OFF	90.0	90.0	OFF	35.0
19-04-14 03:45:29	66.9	80.0	65.0	OFF	71.0	59.9	57.5	85.0	35.0	OFF	63.6	55.3	66	DRY	186	65	10.35	1000	11.23	6.64	OFF	OFF	90.0	90.0	OFF	35.0
19-04-14 03:45:48	66.8	80.0	65.0	OFF	71.0	59.9	57.5	85.0	35.0	OFF	63.6	55.3	68	DRY	186	65	10.35	1000	11.23	6.64	OFF	OFF	90.0	90.0	OFF	35.0
19-04-14 04:00:08	66.6	80.0	65.0	OFF	71.0	59.9	57.5	85.0	35.0	OFF	63.6	55.3	66	DRY	186	65	10.25	1000	11.23	6.64	OFF	OFF	90.0	90.0	OFF	35.0
19-04-14 04:00:27	66.6	80.0	65.0	OFF	71.0	59.9	57.5	85.0	35.0	OFF	63.6	55.3	65	DRY	186	65	10.16	1000	11.23	6.64	OFF	OFF	90.0	90.0	OFF	35.0
19-04-14 04:00:46	66.6	80.0	65.0	OFF	71.0	59.9	57.5	85.0	35.0	OFF	63.6	55.3	65	DRY	186	65	10.25	1000	11.23	6.64	OFF	OFF	90.0	90.0	OFF	35.0
19-04-14 04:15:06	66.3	80.0	65.0	OFF	71.0	59.9	57.5	85.0	35.0	OFF	63.6	55.3	63	DRY	186	63	9.86	1000	11.23	6.64	OFF	OFF	90.0	90.0	OFF	35.0
19-04-14 04:15:25	66.3	80.0	65.0	OFF	71.0	59.9	57.5	85.0	35.0	OFF	63.6	55.3	65	DRY	186	63	10.06	1000	11.23	6.64	OFF	OFF	90.0	90.0	OFF	35.0
19-04-14 04:15:44	66.2	80.0	65.0	OFF	71.0	59.9	57.5	85.0	35.0	OFF	63.6	55.3	64	DRY	186	63	9.96	1000	11.23	6.64	OFF	OFF	90.0	90.0	OFF	35.0
19-04-14 04:30:04	66.0	80.0	65.0	OFF	71.0	59.9	57.5	85.0	35.0	OFF	63.6	55.3	63	DRY	186	62	9.96	1000	11.23	6.64	OFF	OFF	90.0	90.0	OFF	35.0
19-04-14 04:30:23	66.0	80.0	65.0	OFF	71.0	59.9	57.5	85.0	35.0	OFF	63.6	55.3	63	DRY	186	62	9.86	1000	11.23	6.64	OFF	OFF	90.0	90.0	OFF	35.0
19-04-14 04:30:42	65.9	80.0	65.0	OFF	71.0	59.9	57.4	85.0	35.0	OFF	63.6	55.3	63	DRY	186	62	9.86	1000	11.23	6.64	OFF	OFF	90.0	90.0	OFF	35.0
19-04-14 04:45:02	65.7	80.0	65.0	OFF	71.0	59.9	57.4	85.0	35.0	OFF	63.6	55.3	62	DRY	186	61	9.86	1000	11.23	6.64	OFF	OFF	90.0	90.0	OFF	35.0
19-04-14 04:45:21	65.6	80.0	65.0	OFF	71.0	59.9	57.4	85.0	35.0	OFF	63.6	55.3	62	DRY	186	61	9.67	1000	11.23	6.64	OFF	OFF	90.0	90.0	OFF	35.0
19-04-14 04:45:40	65.6	80.0	65.0	OFF	71.0	59.9	57.4	85.0	35.0	OFF	63.6	55.3	62	DRY	186	61	9.67	1000	11.23	6.64	OFF	OFF	90.0	90.0	OFF	35.0
19-04-14 04:45:59	65.7	80.0	65.0	OFF	71.0	59.9	57.5	85.0	35.0	OFF	63.6	55.3	62	DRY	186	61	9.67	1000	11.23	6.64	OFF	OFF	90.0	90.0	OFF	35.0
19-04-14 05:00:00	65.4	80.0	65.0	OFF	71.0	59.9	57.4	85.0	35.0	OFF	63.6	55.3	61	DRY	186	58	9.47	1000	11.23	6.64	OFF	OFF	90.0	90.0	OFF	35.0
19-04-14 05:00:19	65.4	80.0	65.0	OFF	71.0	59.9	57.4	85.0	35.0	OFF	63.6	55.3	61	DRY	186	58	9.57	1000	11.23	6.64	OFF	OFF	90.0	90.0	OFF	35.0
19-04-14 05:00:38	65.4	80.0	65.0	OFF	71.0	59.9	57.4	85.0	35.0	OFF	63.6	55.3	61	DRY	186	58	9.67	1000	11.23	6.64	OFF	OFF	90.0	90.0	OFF	35.0
19-04-14 05:00:57	65.4	80.0	65.0	OFF	71.0	59.9	57.4	85.0	35.0	OFF	63.6	55.3	60	DRY	186	58	9.47	1000	11.23	6.64	OFF	OFF	90.0	90.0	OFF	35.0
19-04-14 05:15:17	65.1	80.0	65.0	OFF	71.0	59.9	57.3	85.0	35.0	OFF	63.6	55.3	59	DRY	186	58	9.38	1000	11.23	6.64	OFF	OFF	90.0	90.0	OFF	35.0
19-04-14 05:15:36	65.1	80.0	65.0	OFF	71.0	59.9	57.3	85.0	35.0	OFF	63.6	55.3	59	DRY	186	58	9.38	1000	11.23	6.64	OFF	OFF	90.0	90.0	OFF	35.0
19-04-14 05:15:55	65.1	80.0	65.0	OFF	71.0	59.9	57.3	85.0	35.0	OFF	63.6	55.3	59	DRY	186	58	9.28	1000	11.23	6.64	OFF	OFF	90.0	90.0	OFF	35.0
19-04-14 05:30:15	64.8	80.0	65.0	ON	71.0	59.9	57.3	85.0	35.0	OFF	63.6	55.3	59	DRY	186	57	9.28	1000	11.23	6.64	OFF	OFF	90.0	90.0	OFF	35.0
19-04-14 05:30:34	64.8	80.0	65.0	ON	71.0	59.9	57.3	85.0	35.0	OFF	63.6	55.3	59	DRY	186	57	9.18	1000	11.23	6.64	OFF	OFF	90.0	90.0	OFF	35.0
19-04-14 05:30:53	64.8	80.0	65.0	ON	71.0	59.9	57.3	85.0	35.0	OFF	63.6	55.3	56	DRY	186	56	9.28	1000	11.23	6.64	OFF	OFF	90.0	90.0	OFF	35.0
19-04-14 05:45:13	64.6	80.0	65.0	ON	71.0	59.9	57.2	85.0	35.0	OFF	63.6	55.3	59	DRY	186	56	9.18	1000	11.23	6.64	OFF	OFF	90.0	90.0	OFF	35.0
19-04-14 05:45:32	64.6	80.0	65.0	ON	71.0	59.9	57.2	85.0	35.0	OFF	63.6	55.3	57	DRY	186	56	8.98	1000	11.23	6.64	OFF	OFF	90.0	90.0	OFF	35.0
19-04-14 05:45:51	64.5	80.0	65.0	ON	71.0	59.9	57.2	85.0	35.0	OFF	63.6	55.3	57	DRY	186	56	9.08	1000	11.23	6.64	OFF	OFF	90.0	90.0	OFF	35.0
19-04-14 06:00:10	64.3	80.0	65.0	ON	71.0	59.9	57.1	85.0	35.0	OFF	63.6	55.3	55	DRY	186	55	8.98	1000	11.23	6.64	OFF	OFF	90.0	90.0	OFF	35.0
19-04-14 06:00:29	64.3	80.0	65.0	ON	71.0	59.9	57.1	85.0	35.0	OFF	63.6	55.3	55	DRY	186	55	8.98	1000	11.23	6.64	OFF	OFF	90.0	90.0	OFF	35.0
19-04-14 06:00:49	64.3	80.0	65.0	ON	71.0	59.9	57.1	85.0	35.0	OFF	63.6	55.3	56	DRY	186	55	9.08	1000	11.23	6.64	OFF	OFF	90.0	90.0	OFF	35.0
19-04-14 06:15:08	64.1	80.0	65.0	ON	71.0	59.9	57.1	85.0	35.0	OFF	63.6	55.3	55	DRY	186	53	8.89	1000	11.23	6.64	OFF	OFF	90.0	90.0	OFF	35.0
19-04-14 06:15:27	64.1	80.0	65.0	ON	71.0	59.9	57.1	85.0	35.0	OFF	63.6	55.3	55	DRY	186	53	9.08	1000	11.23	6.64	OFF	OFF	90.0	90.0	OFF	35.0
19-04-14 06:15:46	64.1	80.0	65.0	ON	71.0	59.9	57.1	85.0	35.0	OFF	63.6	55.3	55	DRY	186	53	8.79	1000	11.23	6.64	OFF	OFF	90.0	90.0	OFF	35.0
19-04-14 06:30:06	63.8	80.0	65.0	ON	71.0	59.9	57.0	85.0	35.0	OFF	63.6	55.3	53	DRY	186	53	8.69	1000	11.23	6.64	OFF	OFF	90.0	90.0	OFF	35.0
19-04-14 06:30:25	63.8	80.0	65.0	ON	71.0	59.9	57.0	85.0	35.0	OFF	63.6	55.3	53	DRY	186	53	8.69	1000	11.23	6.64	OFF	OFF	90.0	90.0	OFF	35.0
19-04-14 06:30:44	63.8	80.0	65.0	ON	71.0	59.9	57.0	85.0	35.0	OFF	63.6	55.3	55	DRY	186	53	8.69	1000	11.23	6.64	OFF	OFF	90.0	90.0	OFF	35.0
19-04-14 06:45:04	63.6	80.0	65.0	ON	71.0	59.9	57.0	85.0	35.0	OFF	63.6	55.3	52	DRY	186	50	8.69	1000	11.23	6.64	OFF	OFF	90.0	90.0	OFF	35.0
19-04-14 06:45:23	63.6	80.0	65.0	ON	71.0	59.9	57.0	85.0	35.0	OFF	63.6	55.3	53	DRY	186	50	8.79	1000	11.23	6.64	OFF	OFF	90.0	90.0	OFF	35.0
19-04-14 06:45:42	63.6	80.0	65.0	ON	71.0	59.9	57.0	85.0	35.0	OFF	63.6	55.3	53	DRY	186	50	8.69	1000	11.23	6.64	OFF	OFF	90.0	90.0	OFF	35.0
19-04-14 07:00:02	63.4	80.0	65.0	ON	71.0	59.9	56.9	85.0	35.0	OFF	63.6	55.3	52	DRY	186	50	8.59	1000	11.23	6.64	OFF	OFF	90.0	90.0	OFF	35.0
19-04-14 07:00:21	63.4	80.0	65.0	ON	71.0	59.9	56.9	85.0	35.0	OFF	63.6	55.3	52	DRY	186	50	8.79	1000	11.23	6.64	OFF	OFF	90.0	90.0	OFF	35.0
19-04-14 07:00:40	63.4	80.0	65.0	ON	71.0	59.9	56.9	85.0	35.0	OFF	63.6	55.3	52	DRY	186	50	8.4	1000	11.23	6.64	OFF	OFF	90.0	90.0	OFF	35.0
19-04-14 07:00:59	63.4	80.0	65.0	ON	71.0	59.9	56.9	85.0	35.0	OFF	63.6	55.3	52	DRY	186	50	8.5	1000	11.23	6.64	OFF	OFF	90.0	90.0	OFF	35.0
19-04-14 07:15:19	63.2	80.0	65.0	ON	71.0	59.9	56.9	85.0	35.0	OFF	63.6	55.3	53	DRY	186	50	8.4	1000	11.23	6.64	OFF	OFF	90.0	90.0	OFF	35.0
19-04-14 07:15:38	63.2	80.0	65.0	ON	71.0	59.9	57.0	85.0	35.0	OFF	63.6	55.3	53	DRY	186	50	8.2	1000	11.23	6.64	OFF	OFF	90.0	90.0	OFF	35.0
19-04-14 07:15:57	63.1	80.0	65.0	ON	71.0	59.9	56.9	85.0	35.0	OFF	63.6	55.3	51	DRY	186	50	8.4	1000	11.23	6.64	OFF	OFF	90.0	90.0	OFF	35.0
19-04-14 07:30:16	63.0	80.0	65.0	ON	71.0	59.9	57.0	85.0	35.0	OFF	63.6	55.3	50	DRY	186	49	8.2	1000	11.23	6.64	OFF	OFF	90.0	90.0	OFF	35.0
19-04-14 07:30:35	62.9	80.0	65.0	ON	71.0	59.9	56.9	85.0	35.0	OFF	63.6	55.3	51	DRY	186	49	8.2	1000	11.23	6.64	OFF	OFF	90.0	90.0	OFF	35.0
19-04-14 07:30:54	63.0	80.0	65.0	ON	71.0	59.9	57.0	85.0	35.0	OFF	63.6	55.3	50	DRY	186	49	8.2	1000	11.23	6.64	OFF	OFF	90.0	90.0	OFF	35.0
19-04-14 07:45:14	62.8	80.0	65.0	ON	71.0	59.9	57.0	85.0	35.0	OFF	63.6	55.3	49	DRY	186	48	8.3	1000	11.23	6.64	OFF	OFF	90.0	90.0	OFF	35.0
19-04-14 07:45:33	62.8	80.0	65.0	ON	71.0	59.9	57.0	85.0	35.0	OFF	63.6	55.3	49	DRY	186	48	8.3	1000	11.23	6.64	OFF	OFF	90.0	90.0	OFF	35.0
19-04-14 07:45:52	62.8	80.0	65.0	ON	71.0	59.9	57.0	85.0	35.0	OFF	63.6	55.3	49	DRY	186	48	8.2	1000	11.23	6.64	OFF	OFF	90.0	90.0	OFF	35.0
19-04-14 08:00:12	62.6	80.0	65.0	ON	71.0	59.9	56.9	85.0	35.0	OFF	63.6	55.3	49	DRY	186	48	8.11	1000	11.23	6.64	OFF	OFF	90.0	90.0	OFF	35.0
19-04-14 08:00:31	62.6	80.0	65.0	ON	71.0	59.9	56.9	85.0	35.0	OFF	63.6	55.3	50	DRY	186	48	8.11	1000	11.23	6.64	OFF	OFF	90.0	90.0	OFF	35.0
19-04-14 08:00:50	62.6	80.0	65.0	ON	71.0	59.9	56.9	85.0	35.0	OFF	63.6	55.3	49	DRY	186	48	8.11	1000	11.23	6.64	OFF	OFF	90.0	90.0	OFF	35.0
19-04-14 08:15:10	62.4	80.0	65.0	ON	71.0	59.9	56.9	85.0	35.0	OFF	63.6	55.3	47	DRY	186	47	8.11	1000	11.23	6.64	OFF	OFF	90.0	90.0	OFF	35.0
19-04-14 08:15:29	62.4	80.0	65.0	ON	71.0	59.9	56.9	85.0	35.0	OFF	63.6	55.3	49	DRY	186	47	8.11	1000	11.23	6.64	OFF	OFF	90.0	90.0	OFF	35.0
19-04-14 08:15:48	62.4	80.0	65.0	ON	71.0	59.9	56.9	85.0	35.0	OFF	63.6	55.3	49	DRY	186	47	8.11	1000	11.23	6.64	OFF	OFF	90.0	90.0	OFF	35.0
19-04-14 08:30:07	62.2	80.0	65.0	ON	71.0	59.9	56.8	85.0	35.0	OFF	63.6	55.3	49	DRY	186	46	8.01	1000	11.23	6.64	OFF	OFF	90.0	90.0	OFF	35.0
19-04-14 08:30:26	62.3	80.0	65.0	ON	71.0	59.9	56.9	85.0	35.0	OFF	63.6	55.3	47	DRY	186	46	8.11	1000	11.23	6.64	OFF	OFF	90.0	90.0	OFF	35.0
19-04-14 08:30:45	62.2	80.0	65.0	ON	71.0	59.9	56.8	85.0	35.0	OFF	63.6	55.3	49	DRY	186	46	7.91	1000	11.23	6.64	OFF	OFF	90.0	90.0	OFF	35.0
19-04-14 08:45:05	62.1	80.0	65.0	ON	71.0	59.9	56.8	85.0	35.0	OFF	63.6	55.3	47	DRY	186	46	7.91	1000	11.23	6.64	OFF	OFF	90.0	90.0	OFF	35.0
19-04-14 08:45:24	62.1	80.0	65.0	ON	71.0	59.9	56.9	85.0	35.0	OFF	63.6	55.3	47	DRY	186	46	7.91	1000	11.23	6.64	OFF	OFF	90.0	90.0	OFF	35.0
19-04-14 08:45:43	62.1	80.0	65.0	ON	71.0	59.9	56.9	85.0	35.0	OFF	63.6	55.3	47	DRY	186	46	8.01	1000	11.23	6.64	OFF	OFF	90.0	90.0	OFF	35.0
19-04-14 09:00:03	62.0	80.0	65.0	ON	71.0	59.9	56.9	85.0	35.0	OFF	63.6	55.3	47	DRY	186	44	7.81	1000	11.23	6.64	OFF	OFF	90.0	90.0	OFF	35.0
19-04-14 09:00:22	61.9	80.0	65.0	ON	71.0	59.9	56.9	85.0	35.0	OFF	63.6	55.3	47	DRY	186	44	7.81	1000	11.23	6.64	OFF	OFF	90.0	90.0	OFF	35.0
19-04-14 09:00:41	61.9	80.0	65.0	ON	71.0	59.9	56.9	85.0	35.0	OFF	63.6	55.3	47	DRY	186	44	7.81	1000	11.23	6.64	OFF	OFF	90.0	90.0	OFF	35.0
19-04-14 09:15:00	61.8	80.0	65.0	ON	71.0	59.9	56.9	85.0	35.0	OFF	63.6	55.3	47	DRY	186	43	7.71	1000	11.23	6.64	OFF	OFF	90.0	90.0	OFF	35.0
19-04-14 09:15:19	61.8	80.0	65.0	ON	71.0	59.9	56.9	85.0	35.0	OFF	63.6	55.3	47	DRY	186	43	7.71	1000	11.23	6.64	OFF	OFF	90.0	90.0	OFF	35.0
19-04-14 09:15:39	61.8	80.0	65.0	ON	71.0	59.9	56.9	85.0	35.0	OFF	63.6	55.3	47	DRY	186	43	7.71	1000	11.23	6.64	OFF	OFF	90.0	90.0	OFF	35.0
19-04-14 09:15:58	61.8	80.0	65.0	ON	71.0	59.9	56.9	85.0	35.0	OFF	63.6	55.3	46	DRY	186	43	7.81	1000	11.23	6.64	OFF	OFF	90.0	90.0	OFF	35.0
19-04-14 09:30:18	61.6	80.0	65.0	ON	71.0	59.9	56.9	85.0	35.0	OFF	63.6	55.3	45	DRY	186	43	7.71	1000	11.23	6.64	OFF	OFF	90.0	90.0	OFF	35.0
19-04-14 09:30:37	61.5	80.0	65.0	ON	71.0	59.9	56.8	85.0	35.0	OFF	63.6	55.3	46	DRY	186	43	7.71	1000	11.23	6.64	OFF	OFF	90.0	90.0	OFF	35.0
19-04-14 09:30:56	61.6	80.0	65.0	ON	71.0	59.9	56.9	85.0	35.0	OFF	63.6	55.3	44	DRY	186	43	7.62	1000	11.23	6.64	OFF	OFF	90.0	90.0	OFF	35.0
19-04-14 09:45:15	61.4	80.0	65.0	ON	71.0	59.9	56.9	85.0	35.0	OFF	63.6	55.3	42	DRY	186	42	7.62	1000	11.23	6.64	OFF	OFF	90.0	90.0	OFF	35.0
19-04-14 09:45:34	61.4	80.0	65.0	ON	71.0	59.9	56.9	85.0	35.0	OFF	63.6	55.3	45	DRY	186	42	7.52	1000	11.23	6.64	OFF	OFF	90.0	90.0	OFF	35.0
19-04-14 09:45:54	61.4	80.0	65.0	ON	71.0	59.9	56.9	85.0	35.0	OFF	63.6	55.3	44	DRY	186	42	7.62	1000	11.23	6.64	OFF	OFF	90.0	90.0	OFF	35.0
19-04-14 10:00:13	61.2	80.0	65.0	ON	71.0	59.9	57.0	85.0	35.0	OFF	63.6	55.3	43	DRY	186	41	7.42	1000	11.23	6.64	OFF	OFF	90.0	90.0	OFF	35.0
19-04-14 10:00:32	61.2	80.0	65.0	ON	71.0	59.9	56.9	85.0	35.0	OFF	63.6	55.3	43	DRY	186	41	7.42	1000	11.23	6.64	OFF	OFF	90.0	90.0	OFF	35.0
19-04-14 10:00:51	61.2	80.0	65.0	ON	71.0	59.9	57.0	85.0	35.0	OFF	63.6	55.3	45	DRY	186	41	7.52	1000	11.23	6.64	OFF	OFF	90.0	90.0	OFF	35.0
19-04-14 10:15:11	61.0	80.0	65.0	ON	71.0	59.9	57.0	85.0	35.0	OFF	63.6	55.3	43	DRY	186	41	7.32	1000	11.23	6.64	OFF	OFF	90.0	90.0	OFF	35.0
19-04-14 10:15:30	61.0	80.0	65.0	ON	71.0	59.9	57.0	85.0	35.0	OFF	63.6	55.3	43	DRY	186	41	7.32	1000	11.23	6.64	OFF	OFF	90.0	90.0	OFF	35.0
19-04-14 10:15:49	60.9	80.0	65.0	ON	71.0	59.9	57.0	85.0	35.0	OFF	63.6	55.3	43	DRY	186	41	7.42	1000	11.23	6.64	OFF	OFF	90.0	90.0	OFF	35.0
19-04-14 10:30:09	60.8	80.0	65.0	ON	71.0	59.9	57.1	85.0	35.0	OFF	63.6	55.3	43	DRY	186	41	7.32	1000	11.23	6.64	OFF	OFF	90.0	90.0	OFF	35.0
19-04-14 10:30:28	60.8	80.0	65.0	ON	71.0	59.9	57.1	85.0	35.0	OFF	63.6	55.3	43	DRY	186	41	7.32	1000	11.23	6.64	OFF	OFF	90.0	90.0	OFF	35.0
19-04-14 10:30:47	60.8	80.0	65.0	ON	71.0	59.9	57.1	85.0	35.0	OFF	63.6	55.3	42	DRY	186	41	7.32	1000	11.23	6.64	OFF	OFF	90.0	90.0	OFF	35.0
19-04-14 10:45:05	60.6	80.0	65.0	ON	71.0	59.9	57.1	85.0	35.0	OFF	63.6	55.3	42	DRY	186	40	7.32	1000	11.23	6.64	OFF	OFF	90.0	90.0	OFF	35.0
19-04-14 10:45:24	60.6	80.0	65.0	ON	71.0	59.9	57.1	85.0	35.0	OFF	63.6	55.3	40	DRY	186	40	7.32	1000	11.23	6.64	OFF	OFF	90.0	90.0	OFF	35.0
19-04-14 10:45:43	60.7	80.0	65.0	ON	71.0	59.9	57.1	85.0	35.0	OFF	63.6	55.3	41	DRY	186	40	7.42	1000	11.23	6.64	OFF	OFF	90.0	90.0	OFF	35.0
19-04-14 11:00:00	60.4	80.0	65.0	ON	71.0	59.9	57.1	85.0	35.0	OFF	63.6	55.3	41	DRY	186	40	7.13	1000	11.23	6.64	OFF	OFF	90.0	90.0	OFF	35.0
19-04-14 11:00:19	60.4	80.0	65.0	ON	71.0	59.9	57.1	85.0	35.0	OFF	63.6	55.3	41	DRY	186	40	7.03	1000	11.23	6.64	OFF	OFF	90.0	90.0	OFF	35.0
19-04-14 11:00:38	60.5	80.0	65.0	ON	71.0	59.9	57.2	85.0	35.0	OFF	63.6	55.3	43	DRY	186	40	7.32	1000	11.23	6.64	OFF	OFF	90.0	90.0	OFF	35.0
19-04-14 11:00:57	60.5	80.0	65.0	ON	71.0	59.9	57.2	85.0	35.0	OFF	63.6	55.3	41	DRY	186	40	7.23	1000	11.23	6.64	OFF	OFF	90.0	90.0	OFF	35.0
19-04-14 11:15:14	60.3	80.0	65.0	ON	71.0	59.9	57.2	85.0	35.0	OFF	63.6	55.3	41	DRY	186	39	7.13	1000	11.23	6.64	OFF	OFF	90.0	90.0	OFF	35.0
19-04-14 11:15:34	60.2	80.0	65.0	ON	71.0	59.9	57.2	85.0	35.0	OFF	63.6	55.3	41	DRY	186	39	7.13	1000	11.23	6.64	OFF	OFF	90.0	90.0	OFF	35.0
19-04-14 11:15:53	60.3	80.0	65.0	ON	71.0	59.9	57.2	85.0	35.0	OFF	63.6	55.3	41	DRY	186	39	7.03	1000	11.23	6.64	OFF	OFF	90.0	90.0	OFF	35.0
19-04-14 11:30:10	60.1	80.0	65.0	ON	71.0	59.9	57.3	85.0	35.0	OFF	63.6	55.3	42	DRY	186	38	6.93	1000	11.23	6.64	OFF	OFF	90.0	90.0	OFF	35.0
19-04-14 11:30:29	60.1	80.0	65.0	ON	71.0	59.9	57.3	85.0	35.0	OFF	63.6	55.3	39	DRY	186	38	7.32	1000	11.23	6.64	OFF	OFF	90.0	90.0	OFF	35.0
19-04-14 11:30:48	60.1	80.0	65.0	ON	71.0	59.9	57.3	85.0	35.0	OFF	63.6	55.3	38	DRY	186	38	7.03	1000	11.23	6.64	OFF	OFF	90.0	90.0	OFF	35.0
19-04-14 11:45:05	59.9	80.0	65.0	ON	71.0	59.9	57.3	85.0	35.0	OFF	63.6	55.3	39	DRY	186	37	7.03	1000	11.23	6.64	OFF	OFF	90.0	90.0	OFF	35.0
19-04-14 11:45:24	59.9	80.0	65.0	ON	71.0	59.9	57.3	85.0	35.0	OFF	63.6	55.3	39	DRY	186	37	6.93	1000	11.23	6.64	OFF	OFF	90.0	90.0	OFF	35.0
19-04-14 11:45:43	59.9	80.0	65.0	ON	71.0	59.9	57.3	85.0	35.0	OFF	63.6	55.3	39	DRY	186	37	6.84	1000	11.23	6.64	OFF	OFF	90.0	90.0	OFF	35.0
19-04-14 12:00:00	59.7	80.0	65.0	ON	71.0	59.7	57.3	85.0	35.0	OFF	63.6	55.3	38	DRY	186	37	6.84	1000	11.23	6.64	OFF	OFF	90.0	90.0	OFF	35.0
19-04-14 12:00:19	59.7	80.0	65.0	ON	71.0	59.7	57.4	85.0	35.0	OFF	63.6	55.3	39	DRY	186	37	6.93	1000	11.23	6.64	OFF	OFF	90.0	90.0	OFF	35.0
19-04-14 12:00:38	59.7	80.0	65.0	ON	71.0	59.7	57.4	85.0	35.0	OFF	63.6	55.3	39	DRY	186	37	7.32	1000	11.23	6.64	OFF	OFF	90.0	90.0	OFF	35.0
19-04-14 12:00:57	59.8	80.0	65.0	ON	71.0	59.7	57.4	85.0	35.0	OFF	63.6	55.3	38	DRY	186	37	6.64	1000	11.23	6.64	OFF	OFF	90.0	90.0	OFF	35.0
19-04-14 12:15:14	59.6	80.0	65.0	ON	71.0	59.6	57.5	85.0	35.0	OFF	63.6	55.3	38	DRY	186	36	6.93	1000	11.23	6.64	OFF	OFF	90.0	90.0	OFF	35.0
19-04-14 12:15:33	59.6	80.0	65.0	ON	71.0	59.6	57.5	85.0	35.0	OFF	63.6	55.3	38	DRY	186	36	6.74	1000	11.23	6.64	OFF	OFF	90.0	90.0	OFF	35.0
19-04-14 12:15:52	59.5	80.0	65.0	ON	71.0	59.5	57.4	85.0	35.0	OFF	63.6	55.3	38	DRY	186	36	6.93	1000	11.23	6.64	OFF	OFF	90.0	90.0	OFF	35.0
19-04-14 12:30:09	59.4	80.0	65.0	ON	71.0	59.4	57.4	85.0	35.0	OFF	63.6	55.3	37	DRY	186	36	6.74	1000	11.23	6.64	OFF	OFF	90.0	90.0	OFF	35.0
19-04-14 12:30:28	59.4	80.0	65.0	ON	71.0	59.4	57.4	85.0	35.0	OFF	63.6	55.3	36	DRY	186	36	6.74	1000	11.23	6.64	OFF	OFF	90.0	90.0	OFF	35.0
19-04-14 12:30:47	59.4	80.0	65.0	ON	71.0	59.4	57.5	85.0	35.0	OFF	63.6	55.3	36	DRY	186	36	6.64	1000	11.23	6.64	OFF	OFF	90.0	90.0	OFF	35.0
19-04-14 12:45:05	59.2	80.0	65.0	ON	71.0	59.2	57.5	85.0	35.0	OFF	63.6	55.3	36	DRY	186	35	6.74	1000	11.23	6.54	OFF	OFF	90.0	90.0	OFF	35.0
19-04-14 12:45:24	59.3	80.0	65.0	ON	71.0	59.2	57.5	85.0	35.0	OFF	63.6	55.3	37	DRY	186	35	6.64	1000	11.23	6.54	OFF	OFF	90.0	90.0	OFF	35.0
19-04-14 12:45:43	59.2	80.0	65.0	ON	71.0	59.2	57.5	85.0	35.0	OFF	63.6	55.3	38	DRY	186	35	6.74	1000	11.23	6.54	OFF	OFF	90.0	90.0	OFF	35.0
19-04-14 13:00:00	59.1	80.0	65.0	ON	71.0	59.1	57.6	85.0	35.0	OFF	63.6	55.3	36	DRY	186	34	6.74	1000	11.23	6.54	OFF	OFF	90.0	90.0	OFF	35.0
19-04-14 13:00:19	59.1	80.0	65.0	ON	71.0	59.1	57.6	85.0	35.0	OFF	63.6	55.3	36	DRY	186	34	6.64	1000	11.23	6.54	OFF	OFF	90.0	90.0	OFF	35.0
19-04-14 13:00:38	59.1	80.0	65.0	ON	71.0	59.1	57.6	85.0	35.0	OFF	63.6	55.3	37	DRY	186	34	6.64	1000	11.23	6.54	OFF	OFF	90.0	90.0	OFF	35.0
19-04-14 13:00:57	59.1	80.0	65.0	ON	71.0	59.1	57.6	85.0	35.0	OFF	63.6	55.3	36	DRY	186	34	6.64	1000	11.23	6.54	OFF	OFF	90.0	90.0	OFF	35.0
19-04-14 13:15:14	58.9	80.0	65.0	ON	71.0	58.9	57.6	85.0	35.0	OFF	63.6	55.3	36	DRY	186	34	6.64	1000	11.23	6.54	OFF	OFF	90.0	90.0	OFF	35.0
19-04-14 13:15:33	58.9	80.0	65.0	ON	71.0	58.9	57.6	85.0	35.0	OFF	63.6	55.3	34	DRY	186	34	6.54	1000	11.23	6.54	OFF	OFF	90.0	90.0	OFF	35.0
19-04-14 13:15:52	58.9	80.0	65.0	ON	71.0	58.9	57.6	85.0	35.0	OFF	63.6	55.3	35	DRY	186	34	6.54	1000	11.23	6.54	OFF	OFF	90.0	90.0	OFF	35.0
19-04-14 13:30:09	58.8	80.0	65.0	ON	71.0	58.8	57.6	85.0	35.0	OFF	63.6	55.3	35	DRY	186	34	6.64	1000	11.23	6.45	OFF	OFF	90.0	90.0	OFF	35.0
19-04-14 13:30:28	58.8	80.0	65.0	ON	71.0	58.8	57.6	85.0	35.0	OFF	63.6	55.3	34	DRY	186	34	6.54	1000	11.23	6.45	OFF	OFF	90.0	90.0	OFF	35.0
19-04-14 13:30:47	58.8	80.0	65.0	ON	71.0	58.8	57.6	85.0	35.0	OFF	63.6	55.3	35	DRY	186	34	6.54	1000	11.23	6.45	OFF	OFF	90.0	90.0	OFF	35.0
19-04-14 13:45:04	58.6	80.0	65.0	ON	71.0	58.6	57.6	85.0	35.0	OFF	63.6	55.3	33	DRY	186	32	6.54	1000	11.23	6.25	OFF	OFF	90.0	90.0	OFF	35.0
19-04-14 13:45:23	58.7	80.0	65.0	ON	71.0	58.6	57.6	85.0	35.0	OFF	63.6	55.3	34	DRY	186	32	6.54	1000	11.23	6.25	OFF	OFF	90.0	90.0	OFF	35.0
19-04-14 13:45:42	58.6	80.0	65.0	ON	71.0	58.6	57.6	85.0	35.0	OFF	63.6	55.3	36	DRY	186	32	6.45	1000	11.23	6.25	OFF	OFF	90.0	90.0	OFF	35.0
19-04-14 14:00:18	58.5	80.0	65.0	ON	71.0	58.5	57.7	85.0	35.0	OFF	63.6	55.3	35	DRY	186	32	6.35	1000	11.23	6.25	OFF	OFF	90.0	90.0	OFF	35.0
19-04-14 14:00:37	58.5	80.0	65.0	ON	71.0	58.5	57.7	85.0	35.0	OFF	63.6	55.3	33	DRY	186	32	6.45	1000	11.23	6.25	OFF	OFF	90.0	90.0	OFF	35.0
19-04-14 14:00:56	58.5	80.0	65.0	ON	71.0	58.5	57.7	85.0	35.0	OFF	63.6	55.3	32	DRY	186	32	6.45	1000	11.23	6.25	OFF	OFF	90.0	90.0	OFF	35.0
19-04-14 14:15:14	58.3	80.0	65.0	ON	71.0	58.3	57.7	85.0	35.0	OFF	63.6	55.3	33	DRY	186	32	6.35	1000	11.23	6.25	OFF	OFF	90.0	90.0	OFF	35.0
19-04-14 14:15:33	58.4	80.0	65.0	ON	71.0	58.3	57.8	85.0	35.0	OFF	63.6	55.3	32	DRY	186	32	6.45	1000	11.23	6.25	OFF	OFF	90.0	90.0	OFF	35.0
19-04-14 14:15:52	58.3	80.0	65.0	ON	71.0	58.3	57.7	85.0	35.0	OFF	63.6	55.3	32	DRY	186	32	6.35	1000	11.23	6.25	OFF	OFF	90.0	90.0	OFF	35.0
19-04-14 14:30:09	58.2	80.0	65.0	ON	71.0	58.2	57.8	85.0	35.0	OFF	63.6	55.3	33	DRY	186	30	6.45	1000	11.23	6.25	OFF	OFF	90.0	90.0	OFF	35.0
19-04-14 14:30:28	58.2	80.0	65.0	ON	71.0	58.2	57.8	85.0	35.0	OFF	63.6	55.3	33	DRY	186	30	6.35	1000	11.23	6.25	OFF	OFF	90.0	90.0	OFF	35.0
19-04-14 14:30:47	58.2	80.0	65.0	ON	71.0	58.2	57.8	85.0	35.0	OFF	63.6	55.3	33	DRY	186	30	6.54	1000	11.23	6.25	OFF	OFF	90.0	90.0	OFF	35.0
19-04-14 14:45:04	58.4	80.0	65.0	ON	71.0	58.2	57.6	85.0	35.0	OFF	63.6	55.3	32	DRY	186	30	6.45	1000	11.23	6.25	OFF	OFF	90.0	90.0	OFF	35.0
19-04-14 14:45:23	58.4	80.0	65.0	ON	71.0	58.2	57.6	85.0	35.0	OFF	63.6	55.3	32	DRY	186	30	6.45	1000	11.23	6.25	OFF	OFF	90.0	90.0	OFF	35.0
19-04-14 14:45:42	58.4	80.0	65.0	ON	71.0	58.2	57.6	85.0	35.0	OFF	63.6	55.3	32	DRY	186	30	6.64	1000	11.23	6.25	OFF	OFF	90.0	90.0	OFF	35.0
19-04-14 15:00:18	58.6	80.0	65.0	ON	71.0	58.2	57.3	85.0	35.0	OFF	63.6	55.3	32	DRY	186	29	6.45	1000	11.23	6.25	OFF	OFF	90.0	90.0	OFF	35.0
19-04-14 15:00:37	58.6	80.0	65.0	ON	71.0	58.2	57.3	85.0	35.0	OFF	63.6	55.3	31	DRY	186	29	6.64	1000	11.23	6.25	OFF	OFF	90.0	90.0	OFF	35.0
19-04-14 15:00:56	58.6	80.0	65.0	ON	71.0	58.2	57.3	85.0	35.0	OFF	63.6	55.3	32	DRY	186	29	6.45	1000	11.23	6.25	OFF	OFF	90.0	90.0	OFF	35.0
19-04-14 15:15:13	58.7	80.0	65.0	ON	71.0	58.2	57.1	85.0	35.0	OFF	63.6	55.3	32	DRY	186	29	6.54	1000	11.23	6.25	OFF	OFF	90.0	90.0	OFF	35.0
19-04-14 15:15:32	58.8	80.0	65.0	ON	71.0	58.2	57.2	85.0	35.0	OFF	63.6	55.3	33	DRY	186	29	6.35	1000	11.23	6.25	OFF	OFF	90.0	90.0	OFF	35.0
19-04-14 15:15:51	58.7	80.0	65.0	ON	71.0	58.2	57.1	85.0	35.0	OFF	63.6	55.3	32	DRY	186	29	6.74	1000	11.23	6.25	OFF	OFF	90.0	90.0	OFF	35.0
19-04-14 15:30:08	58.9	80.0	65.0	ON	71.0	58.2	57.1	85.0	35.0	OFF	63.6	55.3	32	DRY	186	29	6.54	1000	11.23	6.25	OFF	OFF	90.0	90.0	OFF	35.0
19-04-14 15:30:28	58.9	80.0	65.0	ON	71.0	58.2	57.1	85.0	35.0	OFF	63.6	55.3	31	DRY	186	29	6.54	1000	11.23	6.25	OFF	OFF	90.0	90.0	OFF	35.0
19-04-14 15:30:47	58.9	80.0	65.0	ON	71.0	58.2	57.1	85.0	35.0	OFF	63.6	55.3	32	DRY	186	29	6.54	1000	11.23	6.25	OFF	OFF	90.0	90.0	OFF	35.0
19-04-14 15:45:04	59.0	80.0	65.0	ON	71.0	58.2	57.0	85.0	35.0	OFF	63.6	55.3	31	DRY	186	29	6.45	1000	11.23	6.25	OFF	OFF	90.0	90.0	OFF	35.0
19-04-14 15:45:23	59.0	80.0	65.0	ON	71.0	58.2	57.0	85.0	35.0	OFF	63.6	55.3	31	DRY	186	29	6.54	1000	11.23	6.25	OFF	OFF	90.0	90.0	OFF	35.0
19-04-14 15:45:42	59.0	80.0	65.0	ON	71.0	58.2	57.0	85.0	35.0	OFF	63.6	55.3	33	DRY	186	29	6.74	1000	11.23	6.25	OFF	OFF	90.0	90.0	OFF	35.0
19-04-14 16:00:18	59.1	80.0	65.0	ON	71.0	58.2	57.0	85.0	35.0	OFF	63.6	55.3	31	DRY	186	29	6.64	1000	11.23	6.25	OFF	OFF	90.0	90.0	OFF	35.0
19-04-14 16:00:37	59.1	80.0	65.0	ON	71.0	58.2	56.9	85.0	35.0	OFF	63.6	55.3	31	DRY	186	29	6.64	1000	11.23	6.25	OFF	OFF	90.0	90.0	OFF	35.0
19-04-14 16:00:56	59.1	80.0	65.0	ON	71.0	58.2	56.9	85.0	35.0	OFF	63.6	55.3	31	DRY	186	29	6.64	1000	11.23	6.25	OFF	OFF	90.0	90.0	OFF	35.0
19-04-14 16:15:13	59.2	80.0	65.0	ON	71.0	58.2	56.9	85.0	35.0	OFF	63.6	55.3	30	DRY	186	29	6.54	1000	11.23	6.25	OFF	OFF	90.0	90.0	OFF	35.0
19-04-14 16:15:32	59.2	80.0	65.0	ON	71.0	58.2	56.9	85.0	35.0	OFF	63.6	55.3	30	DRY	186	29	6.64	1000	11.23	6.25	OFF	OFF	90.0	90.0	OFF	35.0
19-04-14 16:15:51	59.2	80.0	65.0	ON	71.0	58.2	56.9	85.0	35.0	OFF	63.6	55.3	31	DRY	186	29	6.54	1000	11.23	6.25	OFF	OFF	90.0	90.0	OFF	35.0
19-04-14 16:30:08	59.3	80.0	65.0	ON	71.0	58.2	56.8	85.0	35.0	OFF	63.6	55.3	31	DRY	186	29	6.74	1000	11.23	6.25	OFF	OFF	90.0	90.0	OFF	35.0
19-04-14 16:30:27	59.3	80.0	65.0	ON	71.0	58.2	56.8	85.0	35.0	OFF	63.6	55.3	31	DRY	186	29	6.74	1000	11.23	6.25	OFF	OFF	90.0	90.0	OFF	35.0
19-04-14 16:30:46	59.3	80.0	65.0	ON	71.0	58.2	56.8	85.0	35.0	OFF	63.6	55.3	31	DRY	186	29	6.64	1000	11.23	6.25	OFF	OFF	90.0	90.0	OFF	35.0
19-04-14 16:45:03	59.3	80.0	65.0	ON	71.0	58.2	56.8	85.0	35.0	OFF	63.6	55.3	31	DRY	186	29	6.64	1000	11.23	6.25	OFF	OFF	90.0	90.0	OFF	35.0
19-04-14 16:45:22	59.3	80.0	65.0	ON	71.0	58.2	56.8	85.0	35.0	OFF	63.6	55.3	31	DRY	186	29	6.74	1000	11.23	6.25	OFF	OFF	90.0	90.0	OFF	35.0
19-04-14 16:45:41	59.4	80.0	65.0	ON	71.0	58.2	56.9	85.0	35.0	OFF	63.6	55.3	31	DRY	186	29	6.74	1000	11.23	6.25	OFF	OFF	90.0	90.0	OFF	35.0
19-04-14 17:00:17	59.4	80.0	65.0	ON	71.0	58.2	56.9	85.0	35.0	OFF	63.6	55.3	31	DRY	186	29	6.74	1000	11.23	6.25	OFF	OFF	90.0	90.0	OFF	35.0
19-04-14 17:00:36	59.4	80.0	65.0	ON	71.0	58.2	56.9	85.0	35.0	OFF	63.6	55.3	31	DRY	186	29	6.74	1000	11.23	6.25	OFF	OFF	90.0	90.0	OFF	35.0
19-04-14 17:00:56	59.4	80.0	65.0	ON	71.0	58.2	56.9	85.0	35.0	OFF	63.6	55.3	30	DRY	186	29	6.84	1000	11.23	6.25	OFF	OFF	90.0	90.0	OFF	35.0
19-04-14 17:15:13	59.4	80.0	65.0	ON	71.0	58.2	56.9	85.0	35.0	OFF	63.6	55.3	30	DRY	186	29	6.93	1000	11.23	6.25	OFF	OFF	90.0	90.0	OFF	35.0
19-04-14 17:15:32	59.4	80.0	65.0	ON	71.0	58.2	56.9	85.0	35.0	OFF	63.6	55.3	31	DRY	186	29	6.93	1000	11.23	6.25	OFF	OFF	90.0	90.0	OFF	35.0
19-04-14 17:15:51	59.4	80.0	65.0	ON	71.0	58.2	57.0	85.0	35.0	OFF	63.6	55.3	30	DRY	186	29	6.84	1000	11.23	6.25	OFF	OFF	90.0	90.0	OFF	35.0
19-04-14 17:30:08	59.4	80.0	65.0	ON	71.0	58.2	57.0	85.0	35.0	OFF	63.6	55.3	30	DRY	186	29	6.84	1000	11.23	6.25	OFF	OFF	90.0	90.0	OFF	35.0
19-04-14 17:30:27	59.4	80.0	65.0	ON	71.0	58.2	57.0	85.0	35.0	OFF	63.6	55.3	31	DRY	186	29	6.74	1000	11.23	6.25	OFF	OFF	90.0	90.0	OFF	35.0
19-04-14 17:30:46	59.4	80.0	65.0	ON	71.0	58.2	57.0	85.0	35.0	OFF	63.6	55.3	30	DRY	186	29	6.84	1000	11.23	6.25	OFF	OFF	90.0	90.0	OFF	35.0
19-04-14 17:45:03	59.4	80.0	65.0	ON	71.0	58.2	57.0	85.0	35.0	OFF	63.6	55.3	29	DRY	186	28	6.93	1000	11.23	6.25	OFF	OFF	90.0	90.0	OFF	35.0
19-04-14 17:45:22	59.4	80.0	65.0	ON	71.0	58.2	57.0	85.0	35.0	OFF	63.6	55.3	29	DRY	186	28	6.93	1000	11.23	6.25	OFF	OFF	90.0	90.0	OFF	35.0
19-04-14 17:45:41	59.4	80.0	65.0	ON	71.0	58.2	57.0	85.0	35.0	OFF	63.6	55.3	30	DRY	186	28	6.93	1000	11.23	6.25	OFF	OFF	90.0	90.0	OFF	35.0
19-04-14 18:00:17	59.5	80.0	65.0	ON	71.0	58.2	57.1	85.0	35.0	OFF	63.6	55.3	28	DRY	186	28	6.93	1000	11.23	6.25	OFF	OFF	90.0	90.0	OFF	35.0
19-04-14 18:00:36	59.5	80.0	65.0	ON	71.0	58.2	57.1	85.0	35.0	OFF	63.6	55.3	29	DRY	186	28	6.84	1000	11.23	6.25	OFF	OFF	90.0	90.0	OFF	35.0
19-04-14 18:00:55	59.5	80.0	65.0	ON	71.0	58.2	57.1	85.0	35.0	OFF	63.6	55.3	29	DRY	186	28	6.93	1000	11.23	6.25	OFF	OFF	90.0	90.0	OFF	35.0
19-04-14 18:15:12	59.5	80.0	65.0	ON	71.0	58.2	57.0	85.0	35.0	OFF	63.6	55.3	30	DRY	186	28	7.13	1000	11.23	6.25	OFF	OFF	90.0	90.0	OFF	35.0
19-04-14 18:15:31	59.5	80.0	65.0	ON	71.0	58.2	57.0	85.0	35.0	OFF	63.6	55.3	29	DRY	186	28	7.03	1000	11.23	6.25	OFF	OFF	90.0	90.0	OFF	35.0
19-04-14 18:15:50	59.5	80.0	65.0	ON	71.0	58.2	57.0	85.0	35.0	OFF	63.6	55.3	29	DRY	186	28	6.93	1000	11.23	6.25	OFF	OFF	90.0	90.0	OFF	35.0
19-04-14 18:30:07	59.6	80.0	65.0	ON	71.0	58.2	57.1	85.0	35.0	OFF	63.6	55.3	29	DRY	186	27	6.93	1000	11.23	6.25	OFF	OFF	90.0	90.0	OFF	35.0
19-04-14 18:30:27	59.5	80.0	65.0	ON	71.0	58.2	57.0	85.0	35.0	OFF	63.6	55.3	29	DRY	186	27	6.93	1000	11.23	6.25	OFF	OFF	90.0	90.0	OFF	35.0
19-04-14 18:30:46	59.5	80.0	65.0	ON	71.0	58.2	57.0	85.0	35.0	OFF	63.6	55.3	27	DRY	186	27	6.93	1000	11.23	6.25	OFF	OFF	90.0	90.0	OFF	35.0
19-04-14 18:45:03	59.6	80.0	65.0	ON	71.0	58.2	57.0	85.0	35.0	OFF	63.6	55.3	31	DRY	186	27	6.93	1000	11.23	6.25	OFF	OFF	90.0	90.0	OFF	35.0
19-04-14 18:45:22	59.6	80.0	65.0	ON	71.0	58.2	57.0	85.0	35.0	OFF	63.6	55.3	29	DRY	186	27	6.93	1000	11.23	6.25	OFF	OFF	90.0	90.0	OFF	35.0
19-04-14 18:45:41	59.6	80.0	65.0	ON	71.0	58.2	57.0	85.0	35.0	OFF	63.6	55.3	28	DRY	186	27	7.13	1000	11.23	6.25	OFF	OFF	90.0	90.0	OFF	35.0
19-04-14 19:00:17	59.6	80.0	65.0	ON	71.0	58.2	57.0	85.0	35.0	OFF	63.6	55.3	29	DRY	186	27	6.93	1000	11.23	6.25	OFF	OFF	90.0	90.0	OFF	35.0
19-04-14 19:00:36	59.7	80.0	65.0	ON	71.0	58.2	57.1	85.0	35.0	OFF	63.6	55.3	28	DRY	186	27	6.74	1000	11.23	6.25	OFF	OFF	90.0	90.0	OFF	35.0
19-04-14 19:00:55	59.6	80.0	65.0	ON	71.0	58.2	57.0	85.0	35.0	OFF	63.6	55.3	28	DRY	186	27	7.03	1000	11.23	6.25	OFF	OFF	90.0	90.0	OFF	35.0
19-04-14 19:15:12	59.9	80.0	65.0	ON	71.0	58.2	57.0	85.0	35.0	OFF	63.6	55.3	28	DRY	186	27	6.84	1000	11.23	6.25	OFF	OFF	90.0	90.0	OFF	35.0
19-04-14 19:15:31	59.8	80.0	65.0	ON	71.0	58.2	56.9	85.0	35.0	OFF	63.6	55.3	29	DRY	186	27	7.03	1000	11.23	6.25	OFF	OFF	90.0	90.0	OFF	35.0
19-04-14 19:15:50	59.9	80.0	65.0	ON	71.0	58.2	56.9	85.0	35.0	OFF	63.6	55.3	28	DRY	186	27	7.03	1000	11.23	6.25	OFF	OFF	90.0	90.0	OFF	35.0
19-04-14 19:30:07	60.0	80.0	65.0	ON	71.0	58.2	56.8	85.0	35.0	OFF	63.6	55.3	28	DRY	186	26	7.13	1000	11.23	6.25	OFF	OFF	90.0	90.0	OFF	35.0
19-04-14 19:30:26	60.0	80.0	65.0	ON	71.0	58.2	56.8	85.0	35.0	OFF	63.6	55.3	28	DRY	186	26	6.93	1000	11.23	6.25	OFF	OFF	90.0	90.0	OFF	35.0
19-04-14 19:30:45	60.0	80.0	65.0	ON	71.0	58.2	56.8	85.0	35.0	OFF	63.6	55.3	28	DRY	186	26	7.13	1000	11.23	6.25	OFF	OFF	90.0	90.0	OFF	35.0
19-04-14 19:45:03	60.0	80.0	65.0	ON	71.0	58.2	56.7	85.0	35.0	OFF	63.6	55.3	31	DRY	186	25	7.32	1000	11.23	6.25	OFF	OFF	90.0	90.0	OFF	35.0
19-04-14 19:45:22	60.0	80.0	65.0	ON	71.0	58.2	56.7	85.0	35.0	OFF	63.6	55.3	28	DRY	186	25	7.13	1000	11.23	6.25	OFF	OFF	90.0	90.0	OFF	35.0
19-04-14 19:45:41	60.0	80.0	65.0	ON	71.0	58.2	56.7	85.0	35.0	OFF	63.6	55.3	27	DRY	186	25	7.03	1000	11.23	6.25	OFF	OFF	90.0	90.0	OFF	35.0
19-04-14 20:00:17	60.0	80.0	65.0	ON	71.0	58.2	56.8	85.0	35.0	OFF	63.6	55.3	27	DRY	186	25	7.13	1000	11.23	6.25	OFF	OFF	90.0	90.0	OFF	35.0
19-04-14 20:00:36	60.0	80.0	65.0	ON	71.0	58.2	56.8	85.0	35.0	OFF	63.6	55.3	27	DRY	186	25	7.13	1000	11.23	6.25	OFF	OFF	90.0	90.0	OFF	35.0
19-04-14 20:00:55	60.0	80.0	65.0	ON	71.0	58.2	56.8	85.0	35.0	OFF	63.6	55.3	27	DRY	186	25	7.03	1000	11.23	6.25	OFF	OFF	90.0	90.0	OFF	35.0
19-04-14 20:15:12	60.0	80.0	65.0	ON	71.0	58.2	56.8	85.0	35.0	OFF	63.6	55.3	26	DRY	186	25	7.13	1000	11.23	6.25	OFF	OFF	90.0	90.0	OFF	35.0
19-04-14 20:15:31	60.0	80.0	65.0	ON	71.0	58.2	56.8	85.0	35.0	OFF	63.6	55.3	27	DRY	186	25	7.13	1000	11.23	6.25	OFF	OFF	90.0	90.0	OFF	35.0
19-04-14 20:15:50	60.0	80.0	65.0	ON	71.0	58.2	56.8	85.0	35.0	OFF	63.6	55.3	27	DRY	186	25	7.23	1000	11.23	6.25	OFF	OFF	90.0	90.0	OFF	35.0
19-04-14 20:30:07	60.0	80.0	65.0	ON	71.0	58.2	56.9	85.0	35.0	OFF	63.6	55.3	27	DRY	186	25	7.32	1000	11.23	6.25	OFF	OFF	90.0	90.0	OFF	35.0
19-04-14 20:30:26	59.9	80.0	65.0	ON	71.0	58.2	56.8	85.0	35.0	OFF	63.6	55.3	27	DRY	186	25	7.13	1000	11.23	6.25	OFF	OFF	90.0	90.0	OFF	35.0
19-04-14 20:30:46	60.0	80.0	65.0	ON	71.0	58.2	56.9	85.0	35.0	OFF	63.6	55.3	26	DRY	186	25	7.23	1000	11.23	6.25	OFF	OFF	90.0	90.0	OFF	35.0
19-04-14 20:45:03	60.0	80.0	65.0	ON	71.0	58.2	56.9	85.0	35.0	OFF	63.6	55.3	28	DRY	186	25	7.23	1000	11.23	6.25	OFF	OFF	90.0	90.0	OFF	35.0
19-04-14 20:45:22	60.0	80.0	65.0	ON	71.0	58.2	56.9	85.0	35.0	OFF	63.6	55.3	26	DRY	186	25	7.23	1000	11.23	6.25	OFF	OFF	90.0	90.0	OFF	35.0
19-04-14 20:45:41	60.0	80.0	65.0	ON	71.0	58.2	56.9	85.0	35.0	OFF	63.6	55.3	27	DRY	186	25	7.23	1000	11.23	6.25	OFF	OFF	90.0	90.0	OFF	35.0
19-04-14 21:00:17	59.9	80.0	65.0	ON	71.0	58.2	56.9	85.0	35.0	OFF	63.6	55.3	28	DRY	186	25	7.32	1000	11.23	6.25	OFF	OFF	90.0	90.0	OFF	35.0
19-04-14 21:00:36	59.9	80.0	65.0	ON	71.0	58.2	56.9	85.0	35.0	OFF	63.6	55.3	26	DRY	186	25	7.23	1000	11.23	6.25	OFF	OFF	90.0	90.0	OFF	35.0
19-04-14 21:00:55	60.0	80.0	65.0	ON	71.0	58.2	57.0	85.0	35.0	OFF	63.6	55.3	27	DRY	186	25	7.23	1000	11.23	6.25	OFF	OFF	90.0	90.0	OFF	35.0
19-04-14 21:15:12	59.9	80.0	65.0	ON	71.0	58.2	56.9	85.0	35.0	OFF	63.6	55.3	29	DRY	186	25	7.23	1000	11.23	6.25	OFF	OFF	90.0	90.0	OFF	35.0
19-04-14 21:15:31	59.9	80.0	65.0	ON	71.0	58.2	56.9	85.0	35.0	OFF	63.6	55.3	28	DRY	186	25	7.23	1000	11.23	6.25	OFF	OFF	90.0	90.0	OFF	35.0
19-04-14 21:15:50	59.9	80.0	65.0	ON	71.0	58.2	57.0	85.0	35.0	OFF	63.6	55.3	26	DRY	186	25	7.23	1000	11.23	6.25	OFF	OFF	90.0	90.0	OFF	35.0
19-04-14 21:30:07	59.9	80.0	65.0	ON	71.0	58.2	57.0	85.0	35.0	OFF	63.6	55.3	26	DRY	186	25	7.23	1000	11.23	6.25	OFF	OFF	90.0	90.0	OFF	35.0
19-04-14 21:30:26	59.9	80.0	65.0	ON	71.0	58.2	57.0	85.0	35.0	OFF	63.6	55.3	26	DRY	186	25	7.23	1000	11.23	6.25	OFF	OFF	90.0	90.0	OFF	35.0
19-04-14 21:30:45	59.8	80.0	65.0	ON	71.0	58.2	56.9	85.0	35.0	OFF	63.6	55.3	24	DRY	186	24	7.32	1000	11.23	6.25	OFF	OFF	90.0	90.0	OFF	35.0
19-04-14 21:45:03	59.9	80.0	65.0	ON	71.0	58.2	57.0	85.0	35.0	OFF	63.6	55.3	25	DRY	186	24	7.13	1000	11.23	6.25	OFF	OFF	90.0	90.0	OFF	35.0
19-04-14 21:45:22	59.9	80.0	65.0	ON	71.0	58.2	57.0	85.0	35.0	OFF	63.6	55.3	27	DRY	186	24	7.32	1000	11.23	6.25	OFF	OFF	90.0	90.0	OFF	35.0
19-04-14 21:45:41	59.9	80.0	65.0	ON	71.0	58.2	57.0	85.0	35.0	OFF	63.6	55.3	25	DRY	186	24	7.52	1000	11.23	6.25	OFF	OFF	90.0	90.0	OFF	35.0
19-04-14 22:00:17	59.8	80.0	65.0	ON	71.0	58.2	56.9	85.0	35.0	OFF	63.6	55.3	26	DRY	186	24	7.23	1000	11.23	6.25	OFF	OFF	90.0	90.0	OFF	35.0
19-04-14 22:00:36	59.9	80.0	65.0	ON	71.0	58.2	57.0	85.0	35.0	OFF	63.6	55.3	25	DRY	186	24	7.23	1000	11.23	6.25	OFF	OFF	90.0	90.0	OFF	35.0
19-04-14 22:00:55	59.9	80.0	65.0	ON	71.0	58.2	56.9	85.0	35.0	OFF	63.6	55.3	25	DRY	186	24	7.23	1000	11.23	6.25	OFF	OFF	90.0	90.0	OFF	35.0
19-04-14 22:15:13	59.9	80.0	65.0	ON	71.0	58.2	56.9	85.0	35.0	OFF	63.6	55.3	27	DRY	186	24	7.23	1000	11.23	6.25	OFF	OFF	90.0	90.0	OFF	35.0
19-04-14 22:15:32	59.9	80.0	65.0	ON	71.0	58.2	56.9	85.0	35.0	OFF	63.6	55.3	26	DRY	186	24	7.32	1000	11.23	6.25	OFF	OFF	90.0	90.0	OFF	35.0
19-04-14 22:15:51	59.9	80.0	65.0	ON	71.0	58.2	56.9	85.0	35.0	OFF	63.6	55.3	24	DRY	186	24	7.32	1000	11.23	6.25	OFF	OFF	90.0	90.0	OFF	35.0
19-04-14 22:30:11	59.9	80.0	65.0	ON	71.0	58.2	56.9	85.0	35.0	OFF	63.6	55.3	24	DRY	186	23	7.23	1000	11.23	6.25	OFF	OFF	90.0	90.0	OFF	35.0
19-04-14 22:30:30	59.9	80.0	65.0	ON	71.0	58.2	56.9	85.0	35.0	OFF	63.6	55.3	27	DRY	186	23	7.23	1000	11.23	6.25	OFF	OFF	90.0	90.0	OFF	35.0
19-04-14 22:30:49	59.9	80.0	65.0	ON	71.0	58.2	56.9	85.0	35.0	OFF	63.6	55.3	26	DRY	186	23	7.32	1000	11.23	6.25	OFF	OFF	90.0	90.0	OFF	35.0
19-04-14 22:45:09	59.9	80.0	65.0	ON	71.0	58.2	56.8	85.0	35.0	OFF	63.6	55.3	24	DRY	186	23	7.13	1000	11.23	6.25	OFF	OFF	90.0	90.0	OFF	35.0
19-04-14 22:45:28	59.8	80.0	65.0	ON	71.0	58.2	56.8	85.0	35.0	OFF	63.6	55.3	24	DRY	186	23	7.23	1000	11.23	6.25	OFF	OFF	90.0	90.0	OFF	35.0
19-04-14 22:45:47	59.9	80.0	65.0	ON	71.0	58.2	56.8	85.0	35.0	OFF	63.6	55.3	25	DRY	186	23	7.32	1000	11.23	6.25	OFF	OFF	90.0	90.0	OFF	35.0
19-04-14 23:00:07	59.9	80.0	65.0	ON	71.0	58.2	56.8	85.0	35.0	OFF	63.6	55.3	25	DRY	186	23	7.42	1000	11.23	6.25	OFF	OFF	90.0	90.0	OFF	35.0
19-04-14 23:00:26	59.9	80.0	65.0	ON	71.0	58.2	56.8	85.0	35.0	OFF	63.6	55.3	24	DRY	186	23	7.32	1000	11.23	6.25	OFF	OFF	90.0	90.0	OFF	35.0
19-04-14 23:00:45	59.9	80.0	65.0	ON	71.0	58.2	56.8	85.0	35.0	OFF	63.6	55.3	24	DRY	186	23	7.23	1000	11.23	6.25	OFF	OFF	90.0	90.0	OFF	35.0
19-04-14 23:15:04	60.0	80.0	65.0	ON	71.0	58.2	56.8	85.0	35.0	OFF	63.6	55.3	25	DRY	186	22	7.13	1000	11.23	6.25	OFF	OFF	90.0	90.0	OFF	35.0
19-04-14 23:15:23	60.0	80.0	65.0	ON	71.0	58.2	56.8	85.0	35.0	OFF	63.6	55.3	25	DRY	186	22	7.03	1000	11.23	6.25	OFF	OFF	90.0	90.0	OFF	35.0
19-04-14 23:15:43	60.0	80.0	65.0	ON	71.0	58.2	56.8	85.0	35.0	OFF	63.6	55.3	25	DRY	186	22	7.13	1000	11.23	6.25	OFF	OFF	90.0	90.0	OFF	35.0
19-04-14 23:30:02	60.5	80.0	65.0	ON	71.0	58.2	56.5	85.0	35.0	OFF	63.6	55.3	24	DRY	186	22	7.23	1000	11.23	6.25	OFF	OFF	90.0	90.0	OFF	35.0
19-04-14 23:30:21	60.6	80.0	65.0	ON	71.0	58.2	56.5	85.0	35.0	OFF	63.6	55.3	23	DRY	186	22	6.84	1000	11.23	6.25	OFF	OFF	90.0	90.0	OFF	35.0
19-04-14 23:30:40	60.6	80.0	65.0	ON	71.0	58.2	56.5	85.0	35.0	OFF	63.6	55.3	24	DRY	186	22	7.23	1000	11.23	6.25	OFF	OFF	90.0	90.0	OFF	35.0
19-04-14 23:30:59	60.6	80.0	65.0	ON	71.0	58.2	56.5	85.0	35.0	OFF	63.6	55.3	25	DRY	186	22	7.13	1000	11.23	6.25	OFF	OFF	90.0	90.0	OFF	35.0
19-04-14 23:45:00	61.2	80.0	65.0	ON	71.0	58.2	56.1	85.0	35.0	OFF	63.6	55.3	25	DRY	186	22	7.23	1000	11.23	6.25	OFF	OFF	90.0	90.0	OFF	35.0
19-04-14 23:45:19	61.3	80.0	65.0	ON	71.0	58.2	56.1	85.0	35.0	OFF	63.6	55.3	24	DRY	186	22	7.32	1000	11.23	6.25	OFF	OFF	90.0	90.0	OFF	35.0
19-04-14 23:45:38	61.2	80.0	65.0	ON	71.0	58.2	56.1	85.0	35.0	OFF	63.6	55.3	25	DRY	186	22	7.23	1000	11.23	6.25	OFF	OFF	90.0	90.0	OFF	35.0
19-04-14 23:45:57	61.3	80.0	65.0	ON	71.0	58.2	56.1	85.0	35.0	OFF	63.6	55.3	25	DRY	186	22	7.23	1000	11.23	6.25	OFF	OFF	90.0	90.0	OFF	35.0
